ngram	insep	N(C1C2)	N(C1)	N(C2)	p(C1C2)
t ʃ	0.95	31800	208763	55469	0.0
p Ř	0.75	11597	87019	22543	0.0
t s	0.63	42324	208763	147640	0.0
s t	0.49	37089	147640	208763	0.0
ŋ k	0.46	5665	6586	114660	0.0
s k	0.38	24394	147640	114660	0.0
p r	0.18	11973	87019	100474	0.0
ʃ k	0.15	9276	55469	114660	0.0
ŋ g	0.14	921	6586	10056	0.0
v j	0.13	7465	123628	37548	0.0
ʃ ɲ	0.07	3824	55469	44263	0.0
ʃ c	0.06	4249	55469	62140	0.0
m ɲ	0.05	3311	50806	44263	0.0
ɦ l	0.05	3450	25121	98696	0.0
t r	0.05	9423	208763	100474	0.0
s p	0.04	7216	147640	87019	0.0
z m	0.04	3137	49553	50806	0.0
n t	0.04	8891	102062	208763	0.0
d l	0.04	4056	49602	98696	0.0
t Ř	0.04	3963	208763	22543	0.0
g r	0.03	1773	10056	100474	0.0
k r	0.03	5894	114660	100474	0.0
p l	0.03	5084	87019	98696	0.0
b r	0.03	3066	32974	100474	0.0
k l	0.03	5647	114660	98696	0.0
d ɲ	0.03	2461	49602	44263	0.0
z d	0.03	2511	49553	49602	0.0
l ɲ	0.02	3078	98696	44263	0.0
ʒ ɟ	0.02	461	13290	7439	0.0
f k	0.02	2066	18238	114660	0.0
b l	0.02	2485	32974	98696	0.0
f s	0.02	2243	18238	147640	0.0
ɦ ř	0.02	708	25121	10769	0.0
d n	0.02	3051	49602	102062	0.0
d r	0.02	3019	49602	100474	0.0
b j	0.02	1456	32974	37548	0.0
z ɦ	0.02	1432	49553	25121	0.0
z b	0.02	1630	49553	32974	0.0
ɦ r	0.02	2024	25121	100474	0.0
x l	0.02	1540	15074	98696	0.0
t v	0.02	6405	208763	123628	0.0
s l	0.02	4709	147640	98696	0.0
v ɲ	0.02	2871	123628	44263	0.0
t ɲ	0.02	3571	208763	44263	0.0
z ɟ	0.01	704	49553	7439	0.0
n d	0.01	2587	102062	49602	0.0
d ř	0.01	828	49602	10769	0.0
ʒ ɲ	0.01	858	13290	44263	0.0
z n	0.01	2514	49553	102062	0.0
Ř s	0.01	1985	22543	147640	0.0
b ř	0.01	623	32974	10769	0.0
t k	0.01	5038	208763	114660	0.0
l n	0.01	3238	98696	102062	0.0
s c	0.01	3049	147640	62140	0.0
k Ř	0.01	1588	114660	22543	0.0
ʃ n	0.01	2322	55469	102062	0.0
r ɲ	0.01	2033	100474	44263	0.0
r n	0.01	3004	100474	102062	0.0
d v	0.01	2311	49602	123628	0.0
z l	0.01	2062	49553	98696	0.0
z v	0.01	2291	49553	123628	0.0
n s	0.01	3473	102062	147640	0.0
z ɲ	0.01	1313	49553	44263	0.0
s m	0.01	2396	147640	50806	0.0
p j	0.01	1500	87019	37548	0.0
l k	0.01	2771	98696	114660	0.0
f ʃ	0.01	799	18238	55469	0.0
x r	0.01	970	15074	100474	0.0
s ɲ	0.01	1930	147640	44263	0.0
r m	0.01	1645	100474	50806	0.0
ɦ n	0.01	1156	25121	102062	0.0
m p	0.01	1516	50806	87019	0.0
b ɲ	0.01	862	32974	44263	0.0
f r	0.01	954	18238	100474	0.0
ʃ t	0.01	2361	55469	208763	0.0
s v	0.01	2919	147640	123628	0.0
m b	0.0	849	50806	32974	0.0
k t	0.0	3157	114660	208763	0.0
t n	0.0	2944	208763	102062	0.0
r k	0.0	2160	100474	114660	0.0
v n	0.0	2247	123628	102062	0.0
x n	0.0	782	15074	102062	0.0
ɦ ɲ	0.0	661	25121	44263	0.0
r t	0.0	2847	100474	208763	0.0
ʒ n	0.0	701	13290	102062	0.0
ʃ l	0.0	1387	55469	98696	0.0
f l	0.0	787	18238	98696	0.0
r g	0.0	582	100474	10056	0.0
s x	0.0	841	147640	15074	0.0
k n	0.0	1928	114660	102062	0.0
m l	0.0	1258	50806	98696	0.0
d ʒ	0.0	456	49602	13290	0.0
d b	0.0	716	49602	32974	0.0
ʃ p	0.0	1230	55469	87019	0.0
d m	0.0	887	49602	50806	0.0
b n	0.0	1009	32974	102062	0.0
m n	0.0	1229	50806	102062	0.0
ʒ l	0.0	602	13290	98696	0.0
k v	0.0	1955	114660	123628	0.0
k s	0.0	2102	114660	147640	0.0
g l	0.0	508	10056	98696	0.0
t l	0.0	2279	208763	98696	0.0
s n	0.0	1909	147640	102062	0.0
v l	0.0	1692	123628	98696	0.0
d ɦ	0.0	539	49602	25121	0.0
z ř	0.0	352	49553	10769	0.0
p s	0.0	1688	87019	147640	0.0
j ɲ	0.0	601	37548	44263	0.0
v z	0.0	1140	123628	49553	0.0
j n	0.0	889	37548	102062	0.0
Ř k	0.0	717	22543	114660	0.0
x t	0.0	788	15074	208763	0.0
z r	0.0	988	49553	100474	0.0
x v	0.0	578	15074	123628	0.0
s ʔ	0.0	1017	147640	39429	0.0
r s	0.0	1610	100474	147640	0.0
f t	0.0	807	18238	208763	0.0
x c	0.0	394	15074	62140	0.0
g n	0.0	397	10056	102062	0.0
p t	0.0	1646	87019	208763	0.0
ʃ m	0.0	648	55469	50806	0.0
r d	0.0	821	100474	49602	0.0
l t	0.0	1610	98696	208763	0.0
p n	0.0	1021	87019	102062	0.0
l s	0.0	1281	98696	147640	0.0
j t	0.0	939	37548	208763	0.0
p k	0.0	1049	87019	114660	0.0
r b	0.0	600	100474	32974	0.0
ʒ b	0.0	217	13290	32974	0.0
n z	0.0	736	102062	49553	0.0
n f	0.0	444	102062	18238	0.0
g z	0.0	224	10056	49553	0.0
v r	0.0	1118	123628	100474	0.0
j d	0.0	427	37548	49602	0.0
ʃ s	0.0	893	55469	147640	0.0
g d	0.0	216	10056	49602	0.0
j m	0.0	408	37548	50806	0.0
r v	0.0	1026	100474	123628	0.0
m r	0.0	652	50806	100474	0.0
t p	0.0	1228	208763	87019	0.0
j s	0.0	673	37548	147640	0.0
v ř	0.0	328	123628	10769	0.0
j k	0.0	583	37548	114660	0.0
z j	0.0	372	49553	37548	0.0
s f	0.0	443	147640	18238	0.0
r f	0.0	365	100474	18238	0.0
x Ř	0.0	155	15074	22543	0.0
x m	0.0	227	15074	50806	0.0
r x	0.0	319	100474	15074	0.0
p ɲ	0.0	472	87019	44263	0.0
ɦ m	0.0	244	25121	50806	0.0
k ɲ	0.0	477	114660	44263	0.0
g m	0.0	150	10056	50806	0.0
z ʒ	0.0	168	49553	13290	0.0
ʃ v	0.0	527	55469	123628	0.0
m ʒ	0.0	165	50806	13290	0.0
ʒ v	0.0	257	13290	123628	0.0
n ɟ	0.0	173	102062	7439	0.0
ʒ ɦ	0.0	112	13290	25121	0.0
ʒ m	0.0	158	13290	50806	0.0
x ɲ	0.0	157	15074	44263	0.0
l m	0.0	425	98696	50806	0.0
l ɦ	0.0	292	98696	25121	0.0
ʒ r	0.0	209	13290	100474	0.0
m ř	0.0	131	50806	10769	0.0
m f	0.0	169	50806	18238	0.0
f c	0.0	185	18238	62140	0.0
r z	0.0	380	100474	49553	0.0
f p	0.0	213	18238	87019	0.0
d d	0.0	260	49602	49602	0.0
n ʃ	0.0	387	102062	55469	0.0
j x	0.0	122	37548	15074	0.0
ř ɲ	0.0	111	10769	44263	0.0
r l	0.0	505	100474	98696	0.0
d z	0.0	249	49602	49553	0.0
b ɟ	0.0	78	32974	7439	0.0
j ɟ	0.0	81	37548	7439	0.0
t m	0.0	498	208763	50806	0.0
r p	0.0	449	100474	87019	0.0
m s	0.0	413	50806	147640	0.0
t ʔ	0.0	428	208763	39429	0.0
ř m	0.0	110	10769	50806	0.0
ɦ v	0.0	258	25121	123628	0.0
j ʃ	0.0	210	37548	55469	0.0
ř b	0.0	85	10769	32974	0.0
k m	0.0	344	114660	50806	0.0
t t	0.0	933	208763	208763	0.0
b ɦ	0.0	128	32974	25121	0.0
z g	0.0	99	49553	10056	0.0
j z	0.0	191	37548	49553	0.0
n ʒ	0.0	163	102062	13290	0.0
m k	0.0	337	50806	114660	0.0
j b	0.0	155	37548	32974	0.0
r ɟ	0.0	118	100474	7439	0.0
l b	0.0	244	98696	32974	0.0
l f	0.0	181	98696	18238	0.0
ʒ d	0.0	107	13290	49602	0.0
j l	0.0	253	37548	98696	0.0
l d	0.0	290	98696	49602	0.0
ɲ k	0.0	291	44263	114660	0.0
r ʃ	0.0	302	100474	55469	0.0
l g	0.0	127	98696	10056	0.0
d j	0.0	167	49602	37548	0.0
t x	0.0	216	208763	15074	0.0
p x	0.0	139	87019	15074	0.0
v ɟ	0.0	112	123628	7439	0.0
m d	0.0	183	50806	49602	0.0
s s	0.0	537	147640	147640	0.0
j ɦ	0.0	111	37548	25121	0.0
p ʃ	0.0	251	87019	55469	0.0
s ʃ	0.0	312	147640	55469	0.0
f ɲ	0.0	95	18238	44263	0.0
l ʒ	0.0	121	98696	13290	0.0
b z	0.0	135	32974	49553	0.0
b d	0.0	133	32974	49602	0.0
j f	0.0	86	37548	18238	0.0
r ɦ	0.0	165	100474	25121	0.0
j ř	0.0	66	37548	10769	0.0
n c	0.0	242	102062	62140	0.0
l v	0.0	334	98696	123628	0.0
b ʒ	0.0	63	32974	13290	0.0
j p	0.0	172	37548	87019	0.0
m t	0.0	307	50806	208763	0.0
r ʒ	0.0	105	100474	13290	0.0
ř n	0.0	93	10769	102062	0.0
n x	0.0	108	102062	15074	0.0
v d	0.0	214	123628	49602	0.0
d ɟ	0.0	51	49602	7439	0.0
n v	0.0	297	102062	123628	0.0
x k	0.0	107	15074	114660	0.0
ʃ r	0.0	191	55469	100474	0.0
d g	0.0	57	49602	10056	0.0
z z	0.0	125	49553	49553	0.0
l ʃ	0.0	185	98696	55469	0.0
t f	0.0	153	208763	18238	0.0
b m	0.0	100	32974	50806	0.0
g ř	0.0	25	10056	10769	0.0
j v	0.0	158	37548	123628	0.0
s r	0.0	281	147640	100474	0.0
g b	0.0	42	10056	32974	0.0
m ɦ	0.0	82	50806	25121	0.0
g v	0.0	79	10056	123628	0.0
l p	0.0	206	98696	87019	0.0
n b	0.0	122	102062	32974	0.0
f n	0.0	88	18238	102062	0.0
ř l	0.0	66	10769	98696	0.0
v ɦ	0.0	111	123628	25121	0.0
ɟ ɦ	0.0	26	7439	25121	0.0
p c	0.0	139	87019	62140	0.0
g ɦ	0.0	30	10056	25121	0.0
Ř c	0.0	70	22543	62140	0.0
m ʃ	0.0	97	50806	55469	0.0
b v	0.0	114	32974	123628	0.0
l z	0.0	120	98696	49553	0.0
n ɦ	0.0	86	102062	25121	0.0
ř v	0.0	60	10769	123628	0.0
j r	0.0	101	37548	100474	0.0
v b	0.0	104	123628	32974	0.0
n l	0.0	155	102062	98696	0.0
j g	0.0	30	37548	10056	0.0
m ʔ	0.0	69	50806	39429	0.0
r c	0.0	120	100474	62140	0.0
f x	0.0	25	18238	15074	0.0
Ř p	0.0	66	22543	87019	0.0
j ʔ	0.0	57	37548	39429	0.0
ʒ g	0.0	17	13290	10056	0.0
v m	0.0	114	123628	50806	0.0
c k	0.0	117	62140	114660	0.0
s j	0.0	103	147640	37548	0.0
v ʒ	0.0	56	123628	13290	0.0
j ʒ	0.0	30	37548	13290	0.0
g ɲ	0.0	27	10056	44263	0.0
l x	0.0	49	98696	15074	0.0
ɲ s	0.0	98	44263	147640	0.0
k ʃ	0.0	96	114660	55469	0.0
r ʔ	0.0	72	100474	39429	0.0
ř t	0.0	54	10769	208763	0.0
n j	0.0	70	102062	37548	0.0
g ʒ	0.0	13	10056	13290	0.0
ɦ d	0.0	37	25121	49602	0.0
f m	0.0	31	18238	50806	0.0
m z	0.0	49	50806	49553	0.0
ř ɦ	0.0	16	10769	25121	0.0
ɲ ɦ	0.0	28	44263	25121	0.0
Ř t	0.0	57	22543	208763	0.0
p ʔ	0.0	48	87019	39429	0.0
ɦ b	0.0	23	25121	32974	0.0
n ʔ	0.0	49	102062	39429	0.0
f j	0.0	20	18238	37548	0.0
p f	0.0	27	87019	18238	0.0
f ʔ	0.0	18	18238	39429	0.0
n m	0.0	48	102062	50806	0.0
j j	0.0	25	37548	37548	0.0
j c	0.0	28	37548	62140	0.0
l ʔ	0.0	36	98696	39429	0.0
r j	0.0	34	100474	37548	0.0
x ʃ	0.0	16	15074	55469	0.0
m m	0.0	28	50806	50806	0.0
ʒ ʒ	0.0	7	13290	13290	0.016
ʃ ʃ	0.0	29	55469	55469	0.0
k c	0.0	44	114660	62140	0.0
l ɟ	0.0	14	98696	7439	0.0
x s	0.0	24	15074	147640	0.0
k f	0.0	23	114660	18238	0.0
l c	0.0	39	98696	62140	0.0
Ř ʃ	0.0	17	22543	55469	0.0
m c	0.0	27	50806	62140	0.0
k x	0.0	19	114660	15074	0.0
t c	0.0	52	208763	62140	0.0
Ř ɲ	0.0	14	22543	44263	0.0
b g	0.0	8	32974	10056	0.008
p m	0.0	29	87019	50806	0.0
n r	0.0	44	102062	100474	0.0
s Ř	0.0	23	147640	22543	0.0
l j	0.0	24	98696	37548	0.0
ř ʔ	0.0	8	10769	39429	0.008
ř d	0.0	8	10769	49602	0.008
m v	0.0	27	50806	123628	0.0
l r	0.0	33	98696	100474	0.0
x f	0.0	5	15074	18238	0.062
m j	0.0	13	50806	37548	0.0
n p	0.0	28	102062	87019	0.0
c x	0.0	9	62140	15074	0.004
l l	0.0	29	98696	98696	0.0
r r	0.0	28	100474	100474	0.0
ř ř	0.0	3	10769	10769	0.25
j ŋ	0.0	4	37548	6586	0.125
c s	0.0	24	62140	147640	0.0
f Ř	0.0	5	18238	22543	0.062
ř r	0.0	8	10769	100474	0.008
p p	0.0	21	87019	87019	0.0
Ř m	0.0	8	22543	50806	0.008
k j	0.0	15	114660	37548	0.0
v g	0.0	8	123628	10056	0.008
x p	0.0	8	15074	87019	0.008
b b	0.0	7	32974	32974	0.016
ɟ ʒ	0.0	2	7439	13290	0.5
k p	0.0	20	114660	87019	0.0
ɲ t	0.0	19	44263	208763	0.0
ɟ n	0.0	5	7439	102062	0.062
m g	0.0	4	50806	10056	0.125
ɲ m	0.0	8	44263	50806	0.008
ʒ ř	0.0	2	13290	10769	0.5
ɦ j	0.0	5	25121	37548	0.062
m ɟ	0.0	3	50806	7439	0.25
ɟ m	0.0	3	7439	50806	0.25
r ř	0.0	5	100474	10769	0.062
ɦ ɟ	0.0	2	25121	7439	0.5
m x	0.0	4	50806	15074	0.125
k k	0.0	15	114660	114660	0.0
ɟ b	0.0	2	7439	32974	0.5
g ɟ	0.0	1	10056	7439	1.0
ɦ z	0.0	4	25121	49553	0.125
ř ɟ	0.0	1	10769	7439	1.0
j Ř	0.0	3	37548	22543	0.25
g j	0.0	2	10056	37548	0.5
c n	0.0	8	62140	102062	0.008
g g	0.0	1	10056	10056	1.0
ř g	0.0	1	10769	10056	1.0
ʃ f	0.0	3	55469	18238	0.25
d ʔ	0.0	4	49602	39429	0.125
ʒ j	0.0	2	13290	37548	0.5
f v	0.0	4	18238	123628	0.125
x j	0.0	2	15074	37548	0.5
ř ʒ	0.0	1	10769	13290	1.0
x ʔ	0.0	2	15074	39429	0.5
ɦ ɦ	0.0	2	25121	25121	0.5
t j	0.0	7	208763	37548	0.016
r ŋ	0.0	2	100474	6586	0.5
b Ř	0.0	2	32974	22543	0.5
c m	0.0	4	62140	50806	0.125
p v	0.0	7	87019	123628	0.016
x x	0.0	1	15074	15074	1.0
Ř n	0.0	3	22543	102062	0.25
k ʔ	0.0	4	114660	39429	0.125
ɦ ʒ	0.0	1	25121	13290	1.0
c p	0.0	4	62140	87019	0.125
ɲ b	0.0	2	44263	32974	0.5
ř j	0.0	1	10769	37548	1.0
ř z	0.0	1	10769	49553	1.0
ɲ d	0.0	2	44263	49602	0.5
p ŋ	0.0	1	87019	6586	1.0
ɲ ʃ	0.0	2	44263	55469	0.5
ɲ x	0.0	1	44263	15074	1.0
Ř v	0.0	2	22543	123628	0.5
k ŋ	0.0	1	114660	6586	1.0
p g	0.0	1	87019	10056	1.0
l ř	0.0	1	98696	10769	1.0
c t	0.0	3	62140	208763	0.25
ʃ ʔ	0.0	1	55469	39429	1.0
n n	0.0	1	102062	102062	1.0
