ngram	insep	N(C1C2)	N(C1)	N(C2)	p(C1C2)
t s	0.94	4149	41754	19694	0.0
s p	0.71	2454	19694	19496	0.0
m p	0.54	2376	24011	19496	0.0
nt s	0.49	1629	12383	19694	0.0
ŋ ʎ	0.49	18	18	1670	0.0
t r	0.47	5342	41754	65860	0.0
p r	0.37	3247	19496	65860	0.0
s m	0.32	1835	19694	24011	0.0
g r	0.31	1825	7268	65860	0.0
m b	0.27	1357	24011	12704	0.0
st r	0.24	1756	8993	65860	0.0
n f	0.18	1132	31811	10056	0.0
n s	0.18	1577	31811	19694	0.0
n tʃ	0.17	1034	31811	8717	0.0
n dʒ	0.15	736	31811	5195	0.0
b r	0.1	1390	12704	65860	0.0
z b	0.09	487	8949	12704	0.0
r t	0.09	2387	65860	41754	0.0
s f	0.09	611	19694	10056	0.0
l t	0.08	1478	29363	41754	0.0
f r	0.07	1017	10056	65860	0.0
r d	0.06	1155	65860	14390	0.0
p l	0.06	849	19496	29363	0.0
nt r	0.06	1008	12383	65860	0.0
r m	0.06	1400	65860	24011	0.0
k r	0.05	1324	22136	65860	0.0
g: r	0.05	149	283	65860	0.0
n v	0.05	612	31811	10619	0.0
z g	0.05	262	8949	7268	0.0
r b	0.04	830	65860	12704	0.0
d r	0.03	849	14390	65860	0.0
r s	0.03	968	65860	19694	0.0
r k	0.03	979	65860	22136	0.0
k l	0.03	616	22136	29363	0.0
r dʒ	0.03	440	65860	5195	0.0
s v	0.02	336	19694	10619	0.0
r g	0.02	501	65860	7268	0.0
f l	0.02	390	10056	29363	0.0
r n	0.02	956	65860	31811	0.0
l v	0.02	356	29363	10619	0.0
sk r	0.02	324	4090	65860	0.0
r tʃ	0.02	470	65860	8717	0.0
p: r	0.02	205	1692	65860	0.0
t: r	0.02	413	7102	65860	0.0
l d	0.01	364	29363	14390	0.0
b: r	0.01	140	1041	65860	0.0
d z	0.01	186	14390	8949	0.0
ŋk r	0.01	184	1995	65860	0.0
r v	0.01	419	65860	10619	0.0
ŋg r	0.01	135	1191	65860	0.0
l tʃ	0.01	241	29363	8717	0.0
b l	0.01	283	12704	29363	0.0
l f	0.01	246	29363	10056	0.0
l g	0.01	207	29363	7268	0.0
l s	0.01	336	29363	19694	0.0
l m	0.01	363	29363	24011	0.0
r p	0.01	474	65860	19496	0.0
l k	0.01	337	29363	22136	0.0
l dʒ	0.01	163	29363	5195	0.0
g l	0.01	189	7268	29363	0.0
f: r	0.01	114	1299	65860	0.0
r f	0.01	305	65860	10056	0.0
l b	0.0	201	29363	12704	0.0
b: l	0.0	52	1041	29363	0.0
s d	0.0	158	19694	14390	0.0
p: l	0.0	65	1692	29363	0.0
v r	0.0	218	10619	65860	0.0
l p	0.0	193	29363	19496	0.0
r l	0.0	330	65860	29363	0.0
ŋk l	0.0	57	1995	29363	0.0
ŋg l	0.0	44	1191	29363	0.0
f: l	0.0	43	1299	29363	0.0
sk l	0.0	76	4090	29363	0.0
nd r	0.0	170	10019	65860	0.0
g: l	0.0	19	283	29363	0.0
g m	0.0	84	7268	24011	0.0
s l	0.0	151	19694	29363	0.0
k: l	0.0	60	3163	29363	0.0
p s	0.0	114	19496	19694	0.0
p t	0.0	140	19496	41754	0.0
k s	0.0	97	22136	19694	0.0
k n	0.0	114	22136	31811	0.0
k t	0.0	130	22136	41754	0.0
s n	0.0	92	19694	31811	0.0
n st	0.0	57	31811	8993	0.0
n ʃ	0.0	25	31811	1732	0.0
n sk	0.0	38	31811	4090	0.0
f t	0.0	61	10056	41754	0.0
k st	0.0	40	22136	8993	0.0
b d	0.0	32	12704	14390	0.0
s dʒ	0.0	22	19694	5195	0.0
m n	0.0	59	24011	31811	0.0
p n	0.0	44	19496	31811	0.0
k: r	0.0	23	3163	65860	0.0
d: r	0.0	8	399	65860	0.008
t m	0.0	46	41754	24011	0.0
b s	0.0	21	12704	19694	0.0
r ɲ	0.0	12	65860	1284	0.0
ŋg st	0.0	4	1191	8993	0.125
nd z	0.0	11	10019	8949	0.001
s r	0.0	39	19694	65860	0.0
l n	0.0	33	29363	31811	0.0
t n	0.0	36	41754	31811	0.0
l ʃ	0.0	7	29363	1732	0.016
st d	0.0	10	8993	14390	0.002
m v	0.0	14	24011	10619	0.0
t l	0.0	30	41754	29363	0.0
b n	0.0	17	12704	31811	0.0
g d	0.0	8	7268	14390	0.008
d s	0.0	13	14390	19694	0.0
n l	0.0	23	31811	29363	0.0
r sk	0.0	11	65860	4090	0.001
f: ʃ	0.0	1	1299	1732	1.0
r st	0.0	16	65860	8993	0.0
n m	0.0	18	31811	24011	0.0
st m	0.0	9	8993	24011	0.004
t sk	0.0	8	41754	4090	0.008
n p	0.0	15	31811	19496	0.0
b k	0.0	9	12704	22136	0.004
st k	0.0	7	8993	22136	0.016
s: m	0.0	5	4463	24011	0.062
r ʎ	0.0	5	65860	1670	0.062
b st	0.0	5	12704	8993	0.062
g t	0.0	8	7268	41754	0.008
n b	0.0	9	31811	12704	0.004
n r	0.0	20	31811	65860	0.0
st f	0.0	4	8993	10056	0.125
t:s k	0.0	4	4334	22136	0.125
d m	0.0	7	14390	24011	0.016
ŋk n	0.0	3	1995	31811	0.25
d n	0.0	7	14390	31811	0.016
d v	0.0	4	14390	10619	0.125
m ʃ	0.0	2	24011	1732	0.5
ʃ m	0.0	2	1732	24011	0.5
m l	0.0	8	24011	29363	0.008
m t	0.0	9	24011	41754	0.004
b sk	0.0	2	12704	4090	0.5
b f	0.0	3	12704	10056	0.25
ŋk g	0.0	1	1995	7268	1.0
m f	0.0	4	24011	10056	0.125
l st	0.0	4	29363	8993	0.125
f g	0.0	2	10056	7268	0.5
g f	0.0	2	7268	10056	0.5
k d	0.0	4	22136	14390	0.125
ŋk t	0.0	2	1995	41754	0.5
k m	0.0	5	22136	24011	0.062
g b	0.0	2	7268	12704	0.5
ŋg s	0.0	1	1191	19694	1.0
st v	0.0	2	8993	10619	0.5
f: s	0.0	1	1299	19694	1.0
d g	0.0	2	14390	7268	0.5
ŋg k	0.0	1	1191	22136	1.0
n: s	0.0	1	1401	19694	1.0
st b	0.0	2	8993	12704	0.5
ŋg m	0.0	1	1191	24011	1.0
st l	0.0	3	8993	29363	0.25
l r	0.0	8	29363	65860	0.008
t:s l	0.0	2	4334	29363	0.5
t: t	0.0	3	7102	41754	0.25
k: t	0.0	2	3163	41754	0.5
s t:ʃ	0.0	1	19694	1783	1.0
d k	0.0	3	14390	22136	0.25
sk nd	0.0	1	4090	10019	1.0
v sk	0.0	1	10619	4090	1.0
sk b	0.0	1	4090	12704	1.0
t dʒ	0.0	2	41754	5195	0.5
f k	0.0	2	10056	22136	0.5
t k	0.0	4	41754	22136	0.125
b t	0.0	3	12704	41754	0.25
m k	0.0	3	24011	22136	0.25
nt dʒ	0.0	1	12383	5195	1.0
st g	0.0	1	8993	7268	1.0
k b	0.0	2	22136	12704	0.5
nd g	0.0	1	10019	7268	1.0
b m	0.0	2	12704	24011	0.5
v l	0.0	2	10619	29363	0.5
f n	0.0	2	10056	31811	0.5
sk s	0.0	1	4090	19694	1.0
nt g	0.0	1	12383	7268	1.0
k sk	0.0	1	22136	4090	1.0
b g	0.0	1	12704	7268	1.0
t st	0.0	2	41754	8993	0.5
m sk	0.0	1	24011	4090	1.0
b tʃ	0.0	1	12704	8717	1.0
r ʃ	0.0	1	65860	1732	1.0
m s	0.0	2	24011	19694	0.5
l sk	0.0	1	29363	4090	1.0
d st	0.0	1	14390	8993	1.0
s: l	0.0	1	4463	29363	1.0
t b	0.0	2	41754	12704	0.5
b v	0.0	1	12704	10619	1.0
r: r	0.0	1	2250	65860	1.0
p tʃ	0.0	1	19496	8717	1.0
t: m	0.0	1	7102	24011	1.0
p st	0.0	1	19496	8993	1.0
st p	0.0	1	8993	19496	1.0
st s	0.0	1	8993	19694	1.0
t: l	0.0	1	7102	29363	1.0
m st	0.0	1	24011	8993	1.0
v k	0.0	1	10619	22136	1.0
b p	0.0	1	12704	19496	1.0
p d	0.0	1	19496	14390	1.0
st n	0.0	1	8993	31811	1.0
s: r	0.0	1	4463	65860	1.0
nt m	0.0	1	12383	24011	1.0
v n	0.0	1	10619	31811	1.0
m d	0.0	1	24011	14390	1.0
t f	0.0	1	41754	10056	1.0
k p	0.0	1	22136	19496	1.0
r t:	0.0	1	65860	7102	1.0
t d	0.0	1	41754	14390	1.0
d t	0.0	1	14390	41754	1.0
s t	0.0	1	19694	41754	1.0
m r	0.0	1	24011	65860	1.0
