ngram	insep	N(C1C2)	N(C1)	N(C2)	p(C1C2)
ɴ q	9.55	89	89	739	0.0
n d	2.7	2039	14846	8211	0.0
ɲ ɟ	2.37	681	3151	4922	0.0
m b	1.99	1429	11247	7231	0.0
ŋ k	1.07	426	2282	5894	0.0
n t	0.87	1408	14846	12130	0.0
ɲ c	0.62	226	3151	2062	0.0
g n	0.19	458	6050	14846	0.0
m p	0.16	233	11247	2364	0.0
s t	0.13	421	8632	12130	0.0
rː rː	0.12	6	154	154	0.031
d ɟ	0.11	238	8211	4922	0.0
fː fː	0.08	3	96	96	0.25
p r	0.06	139	2364	10914	0.0
jː jː	0.06	4	147	147	0.125
r t	0.06	313	10914	12130	0.0
n s	0.03	222	14846	8632	0.0
f r	0.03	127	4000	10914	0.0
b l	0.03	190	7231	14920	0.0
r s	0.03	174	10914	8632	0.0
g l	0.02	168	6050	14920	0.0
c k	0.02	58	2062	5894	0.0
r l	0.02	209	10914	14920	0.0
b r	0.02	143	7231	10914	0.0
t r	0.02	183	12130	10914	0.0
s p	0.02	70	8632	2364	0.0
r m	0.02	171	10914	11247	0.0
tː l	0.02	56	890	14920	0.0
r k	0.02	123	10914	5894	0.0
r n	0.02	195	10914	14846	0.0
s k	0.02	108	8632	5894	0.0
r d	0.02	138	10914	8211	0.0
r g	0.02	116	10914	6050	0.0
x t	0.02	97	3940	12130	0.0
x l	0.01	104	3940	14920	0.0
wː wː	0.01	1	74	74	1.0
c r	0.01	64	2062	10914	0.0
p l	0.01	73	2364	14920	0.0
c t	0.01	59	2062	12130	0.0
r c	0.01	55	10914	2062	0.0
pː l	0.01	39	787	14920	0.0
l k	0.01	106	14920	5894	0.0
g r	0.01	90	6050	10914	0.0
f l	0.01	83	4000	14920	0.0
j t	0.01	96	6834	12130	0.0
s c	0.01	43	8632	2062	0.0
r b	0.01	85	10914	7231	0.0
t l	0.01	122	12130	14920	0.0
j l	0.01	91	6834	14920	0.0
w l	0.01	84	5937	14920	0.0
d rː	0.01	10	8211	154	0.002
d r	0.01	83	8211	10914	0.0
l b	0.01	89	14920	7231	0.0
r j	0.01	71	10914	6834	0.0
ŋ kː	0.01	15	2282	1496	0.0
c l	0.01	45	2062	14920	0.0
j k	0.0	50	6834	5894	0.0
p t	0.0	42	2364	12130	0.0
s l	0.0	88	8632	14920	0.0
r x	0.0	48	10914	3940	0.0
k s	0.0	52	5894	8632	0.0
t s	0.0	72	12130	8632	0.0
l t	0.0	92	14920	12130	0.0
f t	0.0	47	4000	12130	0.0
kː l	0.0	31	1496	14920	0.0
m t	0.0	76	11247	12130	0.0
l j	0.0	65	14920	6834	0.0
p fː	0.0	3	2364	96	0.25
x n	0.0	48	3940	14846	0.0
gː l	0.0	25	1077	14920	0.0
ɲ cː	0.0	7	3151	407	0.016
l m	0.0	80	14920	11247	0.0
rː r	0.0	8	154	10914	0.008
j n	0.0	62	6834	14846	0.0
w t	0.0	52	5937	12130	0.0
q l	0.0	20	739	14920	0.0
j s	0.0	45	6834	8632	0.0
ŋ l	0.0	34	2282	14920	0.0
j m	0.0	51	6834	11247	0.0
ɲ s	0.0	30	3151	8632	0.0
l n	0.0	85	14920	14846	0.0
ŋː r	0.0	3	26	10914	0.25
l s	0.0	63	14920	8632	0.0
m l	0.0	71	11247	14920	0.0
k t	0.0	45	5894	12130	0.0
l d	0.0	58	14920	8211	0.0
pː p	0.0	7	787	2364	0.016
x k	0.0	24	3940	5894	0.0
n f	0.0	38	14846	4000	0.0
fː r	0.0	5	96	10914	0.062
fː f	0.0	3	96	4000	0.25
k r	0.0	38	5894	10914	0.0
g s	0.0	34	6050	8632	0.0
g t	0.0	40	6050	12130	0.0
s m	0.0	44	8632	11247	0.0
kː t	0.0	19	1496	12130	0.0
t j	0.0	40	12130	6834	0.0
r p	0.0	22	10914	2364	0.0
mː k	0.0	7	445	5894	0.016
x p	0.0	13	3940	2364	0.0
w r	0.0	34	5937	10914	0.0
p s	0.0	19	2364	8632	0.0
m n	0.0	54	11247	14846	0.0
m f	0.0	27	11247	4000	0.0
jː j	0.0	4	147	6834	0.125
f k	0.0	19	4000	5894	0.0
mː b	0.0	7	445	7231	0.016
rː j	0.0	4	154	6834	0.125
m s	0.0	38	11247	8632	0.0
t k	0.0	32	12130	5894	0.0
ŋ g	0.0	14	2282	6050	0.0
s r	0.0	33	8632	10914	0.0
n x	0.0	26	14846	3940	0.0
r f	0.0	22	10914	4000	0.0
l w	0.0	31	14920	5937	0.0
pː k	0.0	7	787	5894	0.016
bː l	0.0	8	409	14920	0.008
pː t	0.0	10	787	12130	0.002
l f	0.0	25	14920	4000	0.0
w n	0.0	30	5937	14846	0.0
s q	0.0	8	8632	739	0.008
s j	0.0	24	8632	6834	0.0
mː l	0.0	8	445	14920	0.008
b t	0.0	29	7231	12130	0.0
ɲ t	0.0	19	3151	12130	0.0
s w	0.0	22	8632	5937	0.0
m k	0.0	25	11247	5894	0.0
ɟ t	0.0	23	4922	12130	0.0
nː d	0.0	7	676	8211	0.016
nː nː	0.0	2	676	676	0.5
gː s	0.0	9	1077	8632	0.004
t w	0.0	25	12130	5937	0.0
s b	0.0	23	8632	7231	0.0
w f	0.0	14	5937	4000	0.0
l x	0.0	22	14920	3940	0.0
gː b	0.0	8	1077	7231	0.008
f n	0.0	22	4000	14846	0.0
d s	0.0	24	8211	8632	0.0
w m	0.0	23	5937	11247	0.0
x c	0.0	8	3940	2062	0.008
j d	0.0	21	6834	8211	0.0
w s	0.0	20	5937	8632	0.0
sː p	0.0	3	498	2364	0.25
gː n	0.0	11	1077	14846	0.001
l g	0.0	26	14920	6050	0.0
j sː	0.0	5	6834	498	0.062
w k	0.0	16	5937	5894	0.0
j c	0.0	10	6834	2062	0.002
b s	0.0	21	7231	8632	0.0
g j	0.0	17	6050	6834	0.0
tː k	0.0	6	890	5894	0.031
lː j	0.0	7	1050	6834	0.016
t n	0.0	35	12130	14846	0.0
dː l	0.0	8	635	14920	0.008
n l	0.0	38	14846	14920	0.0
kː n	0.0	12	1496	14846	0.0
ɲ ɟː	0.0	2	3151	196	0.5
nː l	0.0	8	676	14920	0.008
x j	0.0	13	3940	6834	0.0
kː s	0.0	9	1496	8632	0.004
m d	0.0	24	11247	8211	0.0
dː ŋ	0.0	3	635	2282	0.25
r w	0.0	20	10914	5937	0.0
s n	0.0	28	8632	14846	0.0
r q	0.0	7	10914	739	0.016
xː ɟ	0.0	1	34	4922	1.0
gː k	0.0	6	1077	5894	0.031
gː d	0.0	7	1077	8211	0.016
q t	0.0	7	739	12130	0.016
b d	0.0	18	7231	8211	0.0
ŋː b	0.0	1	26	7231	1.0
pː s	0.0	6	787	8632	0.031
f j	0.0	12	4000	6834	0.0
w d	0.0	16	5937	8211	0.0
tː r	0.0	7	890	10914	0.016
j ɟ	0.0	13	6834	4922	0.0
m j	0.0	19	11247	6834	0.0
ŋː d	0.0	1	26	8211	1.0
f m	0.0	14	4000	11247	0.0
t b	0.0	19	12130	7231	0.0
k l	0.0	19	5894	14920	0.0
n w	0.0	19	14846	5937	0.0
kː k	0.0	6	1496	5894	0.031
sː sː	0.0	1	498	498	1.0
cː k	0.0	3	407	5894	0.25
bː k	0.0	3	409	5894	0.25
sː s	0.0	4	498	8632	0.125
q k	0.0	4	739	5894	0.125
ɲ l	0.0	13	3151	14920	0.0
n j	0.0	19	14846	6834	0.0
ɲː l	0.0	3	171	14920	0.25
f s	0.0	11	4000	8632	0.001
ɟ k	0.0	10	4922	5894	0.002
sː n	0.0	5	498	14846	0.062
wː f	0.0	1	74	4000	1.0
b n	0.0	19	7231	14846	0.0
g m	0.0	15	6050	11247	0.0
p c	0.0	4	2364	2062	0.125
l q	0.0	6	14920	739	0.031
m r	0.0	20	11247	10914	0.0
ŋ r	0.0	9	2282	10914	0.004
r ɟ	0.0	13	10914	4922	0.0
ɟː n	0.0	3	196	14846	0.25
pː n	0.0	6	787	14846	0.031
dː d	0.0	4	635	8211	0.125
f d	0.0	10	4000	8211	0.002
j p	0.0	7	6834	2364	0.016
d k	0.0	12	8211	5894	0.0
mː t	0.0	4	445	12130	0.125
n ŋ	0.0	10	14846	2282	0.002
p n	0.0	10	2364	14846	0.002
fː l	0.0	2	96	14920	0.5
m c	0.0	8	11247	2062	0.008
x m	0.0	11	3940	11247	0.001
n tː	0.0	6	14846	890	0.031
cː l	0.0	4	407	14920	0.125
c q	0.0	2	2062	739	0.5
c j	0.0	6	2062	6834	0.031
bː s	0.0	3	409	8632	0.25
ŋ s	0.0	7	2282	8632	0.016
dː k	0.0	3	635	5894	0.25
r ɲ	0.0	9	10914	3151	0.004
l ɟ	0.0	13	14920	4922	0.0
k wː	0.0	1	5894	74	1.0
j r	0.0	13	6834	10914	0.0
m x	0.0	10	11247	3940	0.002
n sː	0.0	4	14846	498	0.125
n m	0.0	19	14846	11247	0.0
d j	0.0	11	8211	6834	0.001
ɲ n	0.0	10	3151	14846	0.002
q dː	0.0	1	739	635	1.0
d c	0.0	6	8211	2062	0.031
l c	0.0	8	14920	2062	0.008
cː r	0.0	3	407	10914	0.25
l xː	0.0	1	14920	34	1.0
m bː	0.0	3	11247	409	0.25
gː t	0.0	5	1077	12130	0.062
pː r	0.0	4	787	10914	0.125
ɟ f	0.0	6	4922	4000	0.031
jː x	0.0	1	147	3940	1.0
ɟ l	0.0	11	4922	14920	0.001
j ɴ	0.0	1	6834	89	1.0
j b	0.0	9	6834	7231	0.004
lː n	0.0	5	1050	14846	0.062
d l	0.0	14	8211	14920	0.0
nː n	0.0	4	676	14846	0.125
n b	0.0	13	14846	7231	0.0
d m	0.0	12	8211	11247	0.0
w x	0.0	6	5937	3940	0.031
k b	0.0	8	5894	7231	0.008
sː t	0.0	3	498	12130	0.25
r ŋ	0.0	6	10914	2282	0.031
x s	0.0	7	3940	8632	0.016
x q	0.0	2	3940	739	0.5
sː w	0.0	2	498	5937	0.5
w c	0.0	4	5937	2062	0.125
t p	0.0	6	12130	2364	0.031
j w	0.0	7	6834	5937	0.016
kː ŋ	0.0	2	1496	2282	0.5
jː k	0.0	1	147	5894	1.0
qː t	0.0	1	72	12130	1.0
k n	0.0	10	5894	14846	0.002
x r	0.0	7	3940	10914	0.016
cː s	0.0	2	407	8632	0.5
t wː	0.0	1	12130	74	1.0
rː k	0.0	1	154	5894	1.0
c m	0.0	5	2062	11247	0.062
b c	0.0	4	7231	2062	0.125
k f	0.0	5	5894	4000	0.062
s f	0.0	6	8632	4000	0.031
dː g	0.0	2	635	6050	0.5
k w	0.0	6	5894	5937	0.031
lː l	0.0	4	1050	14920	0.125
l p	0.0	6	14920	2364	0.031
ɟ b	0.0	6	4922	7231	0.031
g k	0.0	6	6050	5894	0.031
t c	0.0	5	12130	2062	0.062
nː w	0.0	2	676	5937	0.5
lː s	0.0	3	1050	8632	0.25
b j	0.0	7	7231	6834	0.016
p j	0.0	4	2364	6834	0.125
d g	0.0	7	8211	6050	0.016
g d	0.0	7	6050	8211	0.016
kː r	0.0	4	1496	10914	0.125
m ŋ	0.0	5	11247	2282	0.062
k m	0.0	8	5894	11247	0.008
m g	0.0	8	11247	6050	0.008
lː lː	0.0	1	1050	1050	1.0
ŋ t	0.0	5	2282	12130	0.062
s d	0.0	8	8632	8211	0.008
c s	0.0	4	2062	8632	0.125
b rː	0.0	1	7231	154	1.0
rː b	0.0	1	154	7231	1.0
bː r	0.0	2	409	10914	0.5
k j	0.0	6	5894	6834	0.031
w j	0.0	6	5937	6834	0.031
t m	0.0	11	12130	11247	0.001
f b	0.0	5	4000	7231	0.062
ɲ k	0.0	4	3151	5894	0.125
ŋ c	0.0	2	2282	2062	0.5
w b	0.0	6	5937	7231	0.031
p d	0.0	4	2364	8211	0.125
g b	0.0	6	6050	7231	0.031
c p	0.0	2	2062	2364	0.5
q n	0.0	3	739	14846	0.25
cː t	0.0	2	407	12130	0.5
bː t	0.0	2	409	12130	0.5
c dː	0.0	1	2062	635	1.0
n ɴ	0.0	1	14846	89	1.0
t f	0.0	6	12130	4000	0.031
l ŋ	0.0	5	14920	2282	0.062
sː m	0.0	2	498	11247	0.5
m ɲ	0.0	5	11247	3151	0.062
l fː	0.0	1	14920	96	1.0
s g	0.0	6	8632	6050	0.031
p dː	0.0	1	2364	635	1.0
ŋ w	0.0	3	2282	5937	0.25
q d	0.0	2	739	8211	0.5
nː ŋ	0.0	1	676	2282	1.0
t d	0.0	8	12130	8211	0.008
lː w	0.0	2	1050	5937	0.5
q s	0.0	2	739	8632	0.5
r jː	0.0	1	10914	147	1.0
d ɟː	0.0	1	8211	196	1.0
pː c	0.0	1	787	2062	1.0
cː f	0.0	1	407	4000	1.0
q ŋ	0.0	1	739	2282	1.0
s ɟ	0.0	5	8632	4922	0.062
b k	0.0	5	7231	5894	0.062
dː r	0.0	2	635	10914	0.5
gː j	0.0	2	1077	6834	0.5
sː l	0.0	2	498	14920	0.5
rː t	0.0	1	154	12130	1.0
c d	0.0	3	2062	8211	0.25
d n	0.0	8	8211	14846	0.008
n r	0.0	9	14846	10914	0.004
c x	0.0	2	2062	3940	0.5
nː t	0.0	2	676	12130	0.5
m q	0.0	2	11247	739	0.5
g ɲ	0.0	3	6050	3151	0.25
r ɟː	0.0	1	10914	196	1.0
d p	0.0	3	8211	2364	0.25
s ŋ	0.0	3	8632	2282	0.25
m ɟː	0.0	1	11247	196	1.0
m ɟ	0.0	5	11247	4922	0.062
gː c	0.0	1	1077	2062	1.0
k g	0.0	4	5894	6050	0.125
kː kː	0.0	1	1496	1496	1.0
ŋ x	0.0	2	2282	3940	0.5
x ŋ	0.0	2	3940	2282	0.5
rː n	0.0	1	154	14846	1.0
dː n	0.0	2	635	14846	0.5
ɟː t	0.0	1	196	12130	1.0
t ɟ	0.0	5	12130	4922	0.062
lː ŋ	0.0	1	1050	2282	1.0
ɲ b	0.0	3	3151	7231	0.25
ɲː n	0.0	1	171	14846	1.0
k x	0.0	3	5894	3940	0.25
m w	0.0	5	11247	5937	0.062
bː j	0.0	1	409	6834	1.0
ɟ ŋ	0.0	2	4922	2282	0.5
ɟ p	0.0	2	4922	2364	0.5
sː k	0.0	1	498	5894	1.0
lː m	0.0	2	1050	11247	0.5
q f	0.0	1	739	4000	1.0
j x	0.0	3	6834	3940	0.25
k d	0.0	4	5894	8211	0.125
mː j	0.0	1	445	6834	1.0
d w	0.0	4	8211	5937	0.125
ɲ f	0.0	2	3151	4000	0.5
f ɲ	0.0	2	4000	3151	0.5
lː t	0.0	2	1050	12130	0.5
d x	0.0	3	8211	3940	0.25
sː b	0.0	1	498	7231	1.0
d f	0.0	3	8211	4000	0.25
d b	0.0	4	8211	7231	0.125
c b	0.0	2	2062	7231	0.5
dː w	0.0	1	635	5937	1.0
mː s	0.0	1	445	8632	1.0
j ŋ	0.0	2	6834	2282	0.5
b ɟ	0.0	3	7231	4922	0.25
g nː	0.0	1	6050	676	1.0
p b	0.0	2	2364	7231	0.5
dː j	0.0	1	635	6834	1.0
g q	0.0	1	6050	739	1.0
q g	0.0	1	739	6050	1.0
ɟ d	0.0	3	4922	8211	0.25
nː j	0.0	1	676	6834	1.0
ɲ g	0.0	2	3151	6050	0.5
ɟ x	0.0	2	4922	3940	0.5
x ɟ	0.0	2	3940	4922	0.5
q j	0.0	1	739	6834	1.0
j q	0.0	1	6834	739	1.0
tː w	0.0	1	890	5937	1.0
gː ɟ	0.0	1	1077	4922	1.0
t x	0.0	3	12130	3940	0.25
b q	0.0	1	7231	739	1.0
pː j	0.0	1	787	6834	1.0
j ɲ	0.0	2	6834	3151	0.5
tː g	0.0	1	890	6050	1.0
r sː	0.0	1	10914	498	1.0
pː b	0.0	1	787	7231	1.0
b pː	0.0	1	7231	787	1.0
cː n	0.0	1	407	14846	1.0
f g	0.0	2	4000	6050	0.5
bː n	0.0	1	409	14846	1.0
tː j	0.0	1	890	6834	1.0
k gː	0.0	1	5894	1077	1.0
tː b	0.0	1	890	7231	1.0
gː g	0.0	1	1077	6050	1.0
p m	0.0	2	2364	11247	0.5
s pː	0.0	1	8632	787	1.0
j lː	0.0	1	6834	1050	1.0
ɲ ŋ	0.0	1	3151	2282	1.0
ɟ w	0.0	2	4922	5937	0.5
w ɟ	0.0	2	5937	4922	0.5
nː m	0.0	1	676	11247	1.0
tː s	0.0	1	890	8632	1.0
q r	0.0	1	739	10914	1.0
c f	0.0	1	2062	4000	1.0
q m	0.0	1	739	11247	1.0
ŋ n	0.0	2	2282	14846	0.5
n p	0.0	2	14846	2364	0.5
d gː	0.0	1	8211	1077	1.0
pː m	0.0	1	787	11247	1.0
m pː	0.0	1	11247	787	1.0
t q	0.0	1	12130	739	1.0
w g	0.0	2	5937	6050	0.5
ŋ f	0.0	1	2282	4000	1.0
f ŋ	0.0	1	4000	2282	1.0
p x	0.0	1	2364	3940	1.0
n dː	0.0	1	14846	635	1.0
f p	0.0	1	4000	2364	1.0
r tː	0.0	1	10914	890	1.0
tː m	0.0	1	890	11247	1.0
c ɟ	0.0	1	2062	4922	1.0
ɟ c	0.0	1	4922	2062	1.0
l r	0.0	4	14920	10914	0.125
kː j	0.0	1	1496	6834	1.0
j g	0.0	2	6834	6050	0.5
b w	0.0	2	7231	5937	0.5
kː b	0.0	1	1496	7231	1.0
ŋ ɟ	0.0	1	2282	4922	1.0
p ɟ	0.0	1	2364	4922	1.0
n ɲ	0.0	2	14846	3151	0.5
k c	0.0	1	5894	2062	1.0
kː d	0.0	1	1496	8211	1.0
x ɲ	0.0	1	3940	3151	1.0
c g	0.0	1	2062	6050	1.0
tː n	0.0	1	890	14846	1.0
ɟ r	0.0	2	4922	10914	0.5
g ŋ	0.0	1	6050	2282	1.0
ɟ m	0.0	2	4922	11247	0.5
p k	0.0	1	2364	5894	1.0
p w	0.0	1	2364	5937	1.0
p g	0.0	1	2364	6050	1.0
g p	0.0	1	6050	2364	1.0
ɟ ɲ	0.0	1	4922	3151	1.0
f x	0.0	1	4000	3940	1.0
x f	0.0	1	3940	4000	1.0
ŋ b	0.0	1	2282	7231	1.0
b p	0.0	1	7231	2364	1.0
ɟ n	0.0	2	4922	14846	0.5
t g	0.0	2	12130	6050	0.5
d ŋ	0.0	1	8211	2282	1.0
ŋ d	0.0	1	2282	8211	1.0
f ɟ	0.0	1	4000	4922	1.0
l kː	0.0	1	14920	1496	1.0
x w	0.0	1	3940	5937	1.0
g f	0.0	1	6050	4000	1.0
ŋ m	0.0	1	2282	11247	1.0
ɲ d	0.0	1	3151	8211	1.0
j f	0.0	1	6834	4000	1.0
b f	0.0	1	7231	4000	1.0
k ɟ	0.0	1	5894	4922	1.0
x d	0.0	1	3940	8211	1.0
ɟ j	0.0	1	4922	6834	1.0
g w	0.0	1	6050	5937	1.0
t ɲ	0.0	1	12130	3151	1.0
ɟ s	0.0	1	4922	8632	1.0
b g	0.0	1	7231	6050	1.0
l ɲ	0.0	1	14920	3151	1.0
b m	0.0	1	7231	11247	1.0
