ngram	insep	N(C1C2)	N(C1)	N(C2)	p(C1C2)
ɟ ʒ	1.23	4002	4002	4332	0.0
c ʃ	0.4	2730	2730	9162	0.0
j u	0.26	2082	4601	4890	0.0
j ʊ	0.17	1406	4601	3384	0.0
ɪ ŋ	0.16	8154	58757	9515	0.0
ə n	0.1	11731	55155	32884	0.0
ə ɹ	0.06	8362	55155	27149	0.0
s t	0.06	7664	36515	36312	0.0
l ɪ	0.05	7971	29129	58757	0.0
ə l	0.05	7683	55155	29129	0.0
ʃ ə	0.05	4141	9162	55155	0.0
ɹ ɪ	0.04	7158	27149	58757	0.0
t ɪ	0.04	8183	36312	58757	0.0
eɪ ʃ	0.04	1722	10637	9162	0.0
eɪ t	0.03	3030	10637	36312	0.0
ɪ s	0.03	7043	58757	36515	0.0
n t	0.02	4698	32884	36312	0.0
n d	0.02	3639	32884	21857	0.0
ɹ i	0.02	1799	27149	6732	0.0
d ɪ	0.02	4697	21857	58757	0.0
aɪ z	0.02	1662	7988	20631	0.0
k ə	0.02	4691	23887	55155	0.0
ɪ z	0.02	4419	58757	20631	0.0
t ə	0.02	5620	36312	55155	0.0
æ n	0.02	2491	12122	32884	0.0
ɪ n	0.02	5419	58757	32884	0.0
ɛ n	0.02	2523	12843	32884	0.0
ʊ l	0.02	1158	3384	29129	0.0
ɹ eɪ	0.02	1978	27149	10637	0.0
p ɹ	0.02	2440	16398	27149	0.0
w ɔ	0.02	930	4774	13555	0.0
v ə	0.02	2070	6212	55155	0.0
ɪ k	0.02	4128	58757	23887	0.0
n z	0.02	2797	32884	20631	0.0
k ɔ	0.01	1892	23887	13555	0.0
t s	0.01	3803	36312	36515	0.0
ə z	0.01	3492	55155	20631	0.0
m ə	0.01	2990	15436	55155	0.0
ɹ ɛ	0.01	1887	27149	12843	0.0
t ɹ	0.01	3171	36312	27149	0.0
b ə	0.01	2530	11438	55155	0.0
ɹ ə	0.01	3882	27149	55155	0.0
g ɹ	0.01	1328	6495	27149	0.0
ə m	0.01	2857	55155	15436	0.0
ɹ æ	0.01	1771	27149	12122	0.0
s ɪ	0.01	4488	36515	58757	0.0
k w	0.01	1033	23887	4774	0.0
ɛ k	0.01	1685	12843	23887	0.0
n ɪ	0.01	4162	32884	58757	0.0
m p	0.01	1481	15436	16398	0.0
f ʊ	0.01	522	9379	3384	0.0
æ k	0.01	1573	12122	23887	0.0
ə b	0.01	2298	55155	11438	0.0
l aɪ	0.01	1387	29129	7988	0.0
k s	0.01	2678	23887	36515	0.0
oʊ v	0.01	628	7748	6212	0.0
ɪ d	0.01	3228	58757	21857	0.0
aʊ n	0.01	787	2353	32884	0.0
ɹ oʊ	0.01	1275	27149	7748	0.0
h ɑ	0.01	351	3880	4332	0.0
h ɛ	0.01	590	3880	12843	0.0
f aɪ	0.01	712	9379	7988	0.0
m ɪ	0.01	2473	15436	58757	0.0
p ə	0.01	2468	16398	55155	0.0
ɔ n	0.01	1727	13555	32884	0.0
ʒ ɪ	0.01	1301	4332	58757	0.0
h aʊ	0.01	243	3880	2353	0.0
l ə	0.01	3192	29129	55155	0.0
ɔ l	0.01	1576	13555	29129	0.0
l eɪ	0.01	1391	29129	10637	0.0
d ə	0.01	2705	21857	55155	0.0
n s	0.01	2663	32884	36515	0.0
ɪ v	0.01	1465	58757	6212	0.0
ɹ aɪ	0.01	1107	27149	7988	0.0
s p	0.01	1791	36515	16398	0.0
f ɔ	0.01	823	9379	13555	0.0
s k	0.01	2087	36515	23887	0.0
ŋ g	0.01	555	9515	6495	0.0
w ɛ	0.01	551	4774	12843	0.0
h æ	0.01	481	3880	12122	0.0
ɔ k	0.01	1259	13555	23887	0.0
h ɔ	0.01	506	3880	13555	0.0
m æ	0.01	954	15436	12122	0.0
ɹ u	0.01	792	27149	4890	0.0
æ m	0.01	937	12122	15436	0.0
p ɔ	0.01	1019	16398	13555	0.0
ɔ m	0.01	984	13555	15436	0.0
l z	0.01	1663	29129	20631	0.0
g ə	0.01	1274	6495	55155	0.0
k ɹ	0.01	1709	23887	27149	0.0
ɹ ɔ	0.01	1286	27149	13555	0.0
ɛ s	0.01	1448	12843	36515	0.0
ɛ l	0.01	1292	12843	29129	0.0
oʊ l	0.01	1002	7748	29129	0.0
ə s	0.01	2976	55155	36515	0.0
ɪ m	0.01	1996	58757	15436	0.0
w ɪ	0.01	1099	4774	58757	0.0
w eɪ	0.01	467	4774	10637	0.0
ŋ k	0.01	975	9515	23887	0.0
ɔ t	0.01	1423	13555	36312	0.0
k æ	0.01	1089	23887	12122	0.0
ʃ ɪ	0.01	1480	9162	58757	0.0
b æ	0.01	750	11438	12122	0.0
ə t	0.01	2840	55155	36312	0.0
ɪ t	0.01	2931	58757	36312	0.0
b ɔ	0.01	790	11438	13555	0.0
ʒ ə	0.01	979	4332	55155	0.0
b l	0.01	1140	11438	29129	0.0
l æ	0.01	1157	29129	12122	0.0
b ɹ	0.01	1085	11438	27149	0.0
s ə	0.01	2749	36515	55155	0.0
æ ŋ	0.0	644	12122	9515	0.0
s ɛ	0.0	1293	36515	12843	0.0
p ɛ	0.0	866	16398	12843	0.0
k j	0.0	618	23887	4601	0.0
m ɛ	0.0	828	15436	12843	0.0
f ɪ	0.0	1379	9379	58757	0.0
p l	0.0	1279	16398	29129	0.0
p æ	0.0	823	16398	12122	0.0
p ɪ	0.0	1794	16398	58757	0.0
d z	0.0	1224	21857	20631	0.0
ɔ g	0.0	540	13555	6495	0.0
ʊ ə	0.0	780	3384	55155	0.0
ɪ l	0.0	2348	58757	29129	0.0
aʊ t	0.0	523	2353	36312	0.0
aɪ d	0.0	746	7988	21857	0.0
l oʊ	0.0	846	29129	7748	0.0
ɪ f	0.0	1319	58757	9379	0.0
h oʊ	0.0	308	3880	7748	0.0
k eɪ	0.0	895	23887	10637	0.0
oʊ z	0.0	709	7748	20631	0.0
k t	0.0	1644	23887	36312	0.0
f l	0.0	921	9379	29129	0.0
n ə	0.0	2350	32884	55155	0.0
m b	0.0	733	15436	11438	0.0
ɔ p	0.0	822	13555	16398	0.0
b ɪ	0.0	1429	11438	58757	0.0
ɔ d	0.0	948	13555	21857	0.0
m ɑ	0.0	449	15436	4332	0.0
æ g	0.0	484	12122	6495	0.0
w i	0.0	309	4774	6732	0.0
i v	0.0	349	6732	6212	0.0
n j	0.0	663	32884	4601	0.0
æ l	0.0	1012	12122	29129	0.0
ʒ ɛ	0.0	401	4332	12843	0.0
ɑ f	0.0	342	4332	9379	0.0
ɪ g	0.0	1045	58757	6495	0.0
aɪ n	0.0	863	7988	32884	0.0
t eɪ	0.0	1045	36312	10637	0.0
j ə	0.0	846	4601	55155	0.0
ð ə	0.0	303	591	55155	0.0
aɪ t	0.0	892	7988	36312	0.0
v ɪ	0.0	998	6212	58757	0.0
h aɪ	0.0	287	3880	7988	0.0
w aɪ	0.0	317	4774	7988	0.0
l ɔ	0.0	1018	29129	13555	0.0
u t	0.0	677	4890	36312	0.0
eɪ n	0.0	945	10637	32884	0.0
f ɹ	0.0	795	9379	27149	0.0
i d	0.0	603	6732	21857	0.0
ɪ ɟ	0.0	753	58757	4002	0.0
l d	0.0	1234	29129	21857	0.0
l ɛ	0.0	944	29129	12843	0.0
ɪ ʃ	0.0	1122	58757	9162	0.0
t ɛ	0.0	1039	36312	12843	0.0
ə d	0.0	1669	55155	21857	0.0
ɛ d	0.0	788	12843	21857	0.0
g eɪ	0.0	389	6495	10637	0.0
i n	0.0	696	6732	32884	0.0
ɑ s	0.0	588	4332	36515	0.0
æ p	0.0	657	12122	16398	0.0
k oʊ	0.0	633	23887	7748	0.0
æ t	0.0	967	12122	36312	0.0
f ə	0.0	1046	9379	55155	0.0
z ɪ	0.0	1596	20631	58757	0.0
p ɑ	0.0	386	16398	4332	0.0
ʒ ɔɪ	0.0	86	4332	819	0.0
ɪ ə	0.0	2598	58757	55155	0.0
u z	0.0	451	4890	20631	0.0
ɛ m	0.0	629	12843	15436	0.0
u m	0.0	385	4890	15436	0.0
b ɛ	0.0	534	11438	12843	0.0
ə p	0.0	1324	55155	16398	0.0
d i	0.0	532	21857	6732	0.0
k ɑ	0.0	445	23887	4332	0.0
p oʊ	0.0	493	16398	7748	0.0
n ɟ	0.0	500	32884	4002	0.0
k l	0.0	1149	23887	29129	0.0
l i	0.0	608	29129	6732	0.0
aɪ ə	0.0	905	7988	55155	0.0
ɔ s	0.0	959	13555	36515	0.0
ɑ t	0.0	540	4332	36312	0.0
k ɪ	0.0	1603	23887	58757	0.0
i z	0.0	500	6732	20631	0.0
l u	0.0	505	29129	4890	0.0
m ɔ	0.0	607	15436	13555	0.0
ɛ t	0.0	901	12843	36312	0.0
d j	0.0	418	21857	4601	0.0
ɔ ɹ	0.0	797	13555	27149	0.0
s aɪ	0.0	703	36515	7988	0.0
u p	0.0	368	4890	16398	0.0
oʊ n	0.0	653	7748	32884	0.0
m z	0.0	730	15436	20631	0.0
t j	0.0	528	36312	4601	0.0
i k	0.0	518	6732	23887	0.0
w ʊ	0.0	164	4774	3384	0.0
m oʊ	0.0	443	15436	7748	0.0
ɪ p	0.0	1254	58757	16398	0.0
s i	0.0	631	36515	6732	0.0
i t	0.0	627	6732	36312	0.0
f ɛ	0.0	440	9379	12843	0.0
v ɛ	0.0	358	6212	12843	0.0
p i	0.0	421	16398	6732	0.0
ɑ m	0.0	327	4332	15436	0.0
ɑ n	0.0	475	4332	32884	0.0
ɑ d	0.0	385	4332	21857	0.0
u d	0.0	408	4890	21857	0.0
v aɪ	0.0	277	6212	7988	0.0
d ɛ	0.0	658	21857	12843	0.0
m eɪ	0.0	497	15436	10637	0.0
b ʊ	0.0	241	11438	3384	0.0
æ b	0.0	456	12122	11438	0.0
oʊ t	0.0	648	7748	36312	0.0
oʊ k	0.0	525	7748	23887	0.0
aɪ v	0.0	270	7988	6212	0.0
b ɑ	0.0	268	11438	4332	0.0
m j	0.0	320	15436	4601	0.0
ɛ ə	0.0	1009	12843	55155	0.0
k aʊ	0.0	284	23887	2353	0.0
i m	0.0	386	6732	15436	0.0
t ɔ	0.0	840	36312	13555	0.0
w ə	0.0	613	4774	55155	0.0
p ɔɪ	0.0	138	16398	819	0.0
g oʊ	0.0	267	6495	7748	0.0
p j	0.0	326	16398	4601	0.0
ɹ aʊ	0.0	298	27149	2353	0.0
n c	0.0	353	32884	2730	0.0
u n	0.0	471	4890	32884	0.0
eɪ d	0.0	566	10637	21857	0.0
i p	0.0	390	6732	16398	0.0
æ c	0.0	213	12122	2730	0.0
b ɔɪ	0.0	112	11438	819	0.0
ɔ f	0.0	412	13555	9379	0.0
t aɪ	0.0	619	36312	7988	0.0
g æ	0.0	321	6495	12122	0.0
t æ	0.0	756	36312	12122	0.0
ə f	0.0	813	55155	9379	0.0
θ ɹ	0.0	235	1594	27149	0.0
s l	0.0	1155	36515	29129	0.0
n eɪ	0.0	662	32884	10637	0.0
ɑ k	0.0	359	4332	23887	0.0
g l	0.0	484	6495	29129	0.0
p eɪ	0.0	464	16398	10637	0.0
ɔɪ n	0.0	182	819	32884	0.0
b oʊ	0.0	328	11438	7748	0.0
eɪ v	0.0	282	10637	6212	0.0
ə k	0.0	1254	55155	23887	0.0
ɑ ð	0.0	55	4332	591	0.0
eɪ z	0.0	508	10637	20631	0.0
p s	0.0	838	16398	36515	0.0
d ɹ	0.0	834	21857	27149	0.0
g z	0.0	395	6495	20631	0.0
ɛ ð	0.0	94	12843	591	0.0
t oʊ	0.0	572	36312	7748	0.0
l ɑ	0.0	383	29129	4332	0.0
ɹ ɑ	0.0	369	27149	4332	0.0
æ ɹ	0.0	613	12122	27149	0.0
ɔɪ l	0.0	165	819	29129	0.0
ɔ b	0.0	415	13555	11438	0.0
oʊ p	0.0	373	7748	16398	0.0
ə ɟ	0.0	491	55155	4002	0.0
z ə	0.0	1110	20631	55155	0.0
ʃ ʊ	0.0	182	9162	3384	0.0
ʊ k	0.0	293	3384	23887	0.0
s w	0.0	429	36515	4774	0.0
ɔ θ	0.0	151	13555	1594	0.0
i l	0.0	454	6732	29129	0.0
m aɪ	0.0	360	15436	7988	0.0
ʒ ʊ	0.0	124	4332	3384	0.0
ʃ ɑ	0.0	203	9162	4332	0.0
ə g	0.0	607	55155	6495	0.0
ɛ p	0.0	461	12843	16398	0.0
æ ʃ	0.0	334	12122	9162	0.0
g ɑ	0.0	168	6495	4332	0.0
f j	0.0	208	9379	4601	0.0
oʊ m	0.0	345	7748	15436	0.0
eɪ l	0.0	555	10637	29129	0.0
eɪ k	0.0	496	10637	23887	0.0
eɪ s	0.0	613	10637	36515	0.0
oʊ d	0.0	401	7748	21857	0.0
eɪ ɟ	0.0	201	10637	4002	0.0
ɛ v	0.0	273	12843	6212	0.0
d aɪ	0.0	401	21857	7988	0.0
n f	0.0	532	32884	9379	0.0
n aɪ	0.0	490	32884	7988	0.0
ŋ z	0.0	421	9515	20631	0.0
ʊ m	0.0	217	3384	15436	0.0
v eɪ	0.0	243	6212	10637	0.0
æ s	0.0	627	12122	36515	0.0
f oʊ	0.0	254	9379	7748	0.0
i f	0.0	235	6732	9379	0.0
b j	0.0	214	11438	4601	0.0
t i	0.0	458	36312	6732	0.0
i s	0.0	455	6732	36515	0.0
b i	0.0	254	11438	6732	0.0
f æ	0.0	305	9379	12122	0.0
v æ	0.0	248	6212	12122	0.0
v z	0.0	323	6212	20631	0.0
d ɔ	0.0	489	21857	13555	0.0
oʊ b	0.0	265	7748	11438	0.0
b aɪ	0.0	269	11438	7988	0.0
n ɔ	0.0	592	32884	13555	0.0
ə v	0.0	518	55155	6212	0.0
oʊ g	0.0	197	7748	6495	0.0
i c	0.0	118	6732	2730	0.0
p aɪ	0.0	314	16398	7988	0.0
θ ɪ	0.0	265	1594	58757	0.0
ʃ ɔ	0.0	303	9162	13555	0.0
p t	0.0	662	16398	36312	0.0
oʊ s	0.0	456	7748	36515	0.0
ɑ ɟ	0.0	112	4332	4002	0.0
f i	0.0	211	9379	6732	0.0
g ɔ	0.0	249	6495	13555	0.0
k ʃ	0.0	392	23887	9162	0.0
l j	0.0	305	29129	4601	0.0
s ɔ	0.0	585	36515	13555	0.0
b eɪ	0.0	290	11438	10637	0.0
n oʊ	0.0	417	32884	7748	0.0
æ d	0.0	425	12122	21857	0.0
ɔ ŋ	0.0	296	13555	9515	0.0
h ʊ	0.0	94	3880	3384	0.0
f t	0.0	474	9379	36312	0.0
ɔ c	0.0	156	13555	2730	0.0
aɪ l	0.0	390	7988	29129	0.0
ɛ g	0.0	233	12843	6495	0.0
ɛ ɹ	0.0	470	12843	27149	0.0
aʊ z	0.0	175	2353	20631	0.0
u s	0.0	334	4890	36515	0.0
h i	0.0	127	3880	6732	0.0
u l	0.0	295	4890	29129	0.0
f eɪ	0.0	245	9379	10637	0.0
ʃ eɪ	0.0	241	9162	10637	0.0
θ ə	0.0	228	1594	55155	0.0
d aʊ	0.0	173	21857	2353	0.0
ɔ ɟ	0.0	177	13555	4002	0.0
b aʊ	0.0	124	11438	2353	0.0
m i	0.0	243	15436	6732	0.0
l aʊ	0.0	197	29129	2353	0.0
aɪ m	0.0	263	7988	15436	0.0
ɑ c	0.0	81	4332	2730	0.0
d eɪ	0.0	359	21857	10637	0.0
h ə	0.0	343	3880	55155	0.0
ɹ ʊ	0.0	224	27149	3384	0.0
ʃ ɛ	0.0	253	9162	12843	0.0
ʒ u	0.0	107	4332	4890	0.0
ʒ æ	0.0	167	4332	12122	0.0
ɑ b	0.0	162	4332	11438	0.0
ʃ i	0.0	180	9162	6732	0.0
n v	0.0	325	32884	6212	0.0
ʊ d	0.0	195	3384	21857	0.0
ɛ ɟ	0.0	162	12843	4002	0.0
ʃ æ	0.0	237	9162	12122	0.0
æ v	0.0	195	12122	6212	0.0
ɪ b	0.0	582	58757	11438	0.0
s æ	0.0	472	36515	12122	0.0
u b	0.0	167	4890	11438	0.0
t ɑ	0.0	280	36312	4332	0.0
u v	0.0	123	4890	6212	0.0
aɪ k	0.0	308	7988	23887	0.0
aʊ θ	0.0	43	2353	1594	0.0
ɔɪ z	0.0	90	819	20631	0.0
eɪ b	0.0	240	10637	11438	0.0
p aʊ	0.0	135	16398	2353	0.0
z d	0.0	458	20631	21857	0.0
h j	0.0	90	3880	4601	0.0
d oʊ	0.0	274	21857	7748	0.0
oʊ ð	0.0	45	7748	591	0.0
eɪ p	0.0	276	10637	16398	0.0
n θ	0.0	151	32884	1594	0.0
v ɔɪ	0.0	47	6212	819	0.0
u θ	0.0	58	4890	1594	0.0
ð z	0.0	72	591	20631	0.0
g j	0.0	112	6495	4601	0.0
eɪ m	0.0	262	10637	15436	0.0
aɪ p	0.0	234	7988	16398	0.0
t l	0.0	662	36312	29129	0.0
ɔɪ d	0.0	86	819	21857	0.0
aʊ ə	0.0	231	2353	55155	0.0
aʊ s	0.0	186	2353	36515	0.0
f aʊ	0.0	94	9379	2353	0.0
u ð	0.0	34	4890	591	0.0
ʒ i	0.0	108	4332	6732	0.0
n ʃ	0.0	347	32884	9162	0.0
n æ	0.0	397	32884	12122	0.0
g ɪ	0.0	388	6495	58757	0.0
f ɑ	0.0	126	9379	4332	0.0
ɛ θ	0.0	89	12843	1594	0.0
u f	0.0	133	4890	9379	0.0
l t	0.0	638	29129	36312	0.0
t w	0.0	257	36312	4774	0.0
w æ	0.0	148	4774	12122	0.0
aɪ b	0.0	185	7988	11438	0.0
l f	0.0	317	29129	9379	0.0
b u	0.0	143	11438	4890	0.0
h eɪ	0.0	122	3880	10637	0.0
ɛ ʃ	0.0	205	12843	9162	0.0
θ ɔ	0.0	87	1594	13555	0.0
v j	0.0	100	6212	4601	0.0
ɑ θ	0.0	49	4332	1594	0.0
n ɛ	0.0	383	32884	12843	0.0
n k	0.0	521	32884	23887	0.0
s n	0.0	643	36515	32884	0.0
aʊ d	0.0	133	2353	21857	0.0
ɔ ʃ	0.0	205	13555	9162	0.0
aɪ f	0.0	159	7988	9379	0.0
ɛ f	0.0	201	12843	9379	0.0
ʊ t	0.0	203	3384	36312	0.0
s eɪ	0.0	360	36515	10637	0.0
aʊ c	0.0	46	2353	2730	0.0
ŋ l	0.0	302	9515	29129	0.0
s m	0.0	430	36515	15436	0.0
aɪ s	0.0	308	7988	36515	0.0
ɹ ɔɪ	0.0	85	27149	819	0.0
l ɔɪ	0.0	88	29129	819	0.0
ʃ u	0.0	120	9162	4890	0.0
θ w	0.0	49	1594	4774	0.0
i ð	0.0	35	6732	591	0.0
h ɪ	0.0	264	3880	58757	0.0
æ f	0.0	186	12122	9379	0.0
w ɑ	0.0	79	4774	4332	0.0
d l	0.0	437	21857	29129	0.0
i g	0.0	113	6732	6495	0.0
æ ɟ	0.0	119	12122	4002	0.0
u ʃ	0.0	114	4890	9162	0.0
p ʊ	0.0	126	16398	3384	0.0
g w	0.0	94	6495	4774	0.0
θ i	0.0	55	1594	6732	0.0
g n	0.0	244	6495	32884	0.0
ʊ eɪ	0.0	100	3384	10637	0.0
ɪ c	0.0	211	58757	2730	0.0
s oʊ	0.0	280	36515	7748	0.0
v oʊ	0.0	113	6212	7748	0.0
ʒ d	0.0	158	4332	21857	0.0
ɹ v	0.0	210	27149	6212	0.0
ʒ ɔ	0.0	123	4332	13555	0.0
n i	0.0	236	32884	6732	0.0
v l	0.0	213	6212	29129	0.0
s u	0.0	211	36515	4890	0.0
ɔ z	0.0	262	13555	20631	0.0
θ s	0.0	119	1594	36515	0.0
m aʊ	0.0	93	15436	2353	0.0
i ɟ	0.0	80	6732	4002	0.0
ɑ v	0.0	79	4332	6212	0.0
ɛ c	0.0	90	12843	2730	0.0
v i	0.0	98	6212	6732	0.0
n h	0.0	167	32884	3880	0.0
t u	0.0	196	36312	4890	0.0
ə ŋ	0.0	336	55155	9515	0.0
k u	0.0	158	23887	4890	0.0
k c	0.0	118	23887	2730	0.0
oʊ ʃ	0.0	123	7748	9162	0.0
oʊ c	0.0	67	7748	2730	0.0
ɹ m	0.0	298	27149	15436	0.0
h u	0.0	63	3880	4890	0.0
θ ɛ	0.0	65	1594	12843	0.0
æ θ	0.0	62	12122	1594	0.0
m u	0.0	122	15436	4890	0.0
i b	0.0	123	6732	11438	0.0
ʃ t	0.0	253	9162	36312	0.0
t h	0.0	163	36312	3880	0.0
z eɪ	0.0	203	20631	10637	0.0
d æ	0.0	223	21857	12122	0.0
u ʒ	0.0	63	4890	4332	0.0
ð ɪ	0.0	80	591	58757	0.0
ɪ eɪ	0.0	330	58757	10637	0.0
ɹ k	0.0	331	27149	23887	0.0
f s	0.0	239	9379	36515	0.0
s c	0.0	128	36515	2730	0.0
k i	0.0	162	23887	6732	0.0
ʃ oʊ	0.0	107	9162	7748	0.0
ɑ z	0.0	120	4332	20631	0.0
v ɔ	0.0	116	6212	13555	0.0
l v	0.0	170	29129	6212	0.0
ɔɪ s	0.0	69	819	36515	0.0
ɪ ɪ	0.0	735	58757	58757	0.0
s f	0.0	231	36515	9379	0.0
ɑ l	0.0	140	4332	29129	0.0
oʊ f	0.0	106	7748	9379	0.0
m d	0.0	228	15436	21857	0.0
ə ʃ	0.0	278	55155	9162	0.0
ʒ aɪ	0.0	72	4332	7988	0.0
ʊ ʃ	0.0	67	3384	9162	0.0
b z	0.0	182	11438	20631	0.0
ə w	0.0	192	55155	4774	0.0
ɹ t	0.0	368	27149	36312	0.0
ɑ g	0.0	62	4332	6495	0.0
d w	0.0	119	21857	4774	0.0
ɹ ɟ	0.0	121	27149	4002	0.0
eɪ ð	0.0	29	10637	591	0.0
t f	0.0	213	36312	9379	0.0
j ɑ	0.0	51	4601	4332	0.0
v d	0.0	133	6212	21857	0.0
ɑ p	0.0	95	4332	16398	0.0
b s	0.0	229	11438	36515	0.0
i h	0.0	57	6732	3880	0.0
oʊ θ	0.0	39	7748	1594	0.0
ɹ θ	0.0	73	27149	1594	0.0
ɪ ð	0.0	65	58757	591	0.0
v ɑ	0.0	57	6212	4332	0.0
p u	0.0	98	16398	4890	0.0
ə θ	0.0	101	55155	1594	0.0
ə c	0.0	132	55155	2730	0.0
i ʃ	0.0	84	6732	9162	0.0
i θ	0.0	35	6732	1594	0.0
ɹ n	0.0	319	27149	32884	0.0
g ʊ	0.0	50	6495	3384	0.0
ɹ s	0.0	333	27149	36515	0.0
ɹ c	0.0	91	27149	2730	0.0
ɪ θ	0.0	102	58757	1594	0.0
z m	0.0	188	20631	15436	0.0
ʃ aɪ	0.0	90	9162	7988	0.0
t aʊ	0.0	97	36312	2353	0.0
l b	0.0	191	29129	11438	0.0
v aʊ	0.0	40	6212	2353	0.0
æ ð	0.0	28	12122	591	0.0
ɪ ɹ	0.0	417	58757	27149	0.0
oʊ ɪ	0.0	220	7748	58757	0.0
aʊ l	0.0	85	2353	29129	0.0
ə ð	0.0	58	55155	591	0.0
ɹ d	0.0	247	27149	21857	0.0
l m	0.0	211	29129	15436	0.0
ə h	0.0	145	55155	3880	0.0
m f	0.0	119	15436	9379	0.0
aɪ ð	0.0	21	7988	591	0.0
ʊ g	0.0	45	3384	6495	0.0
ɔ v	0.0	88	13555	6212	0.0
d ɑ	0.0	93	21857	4332	0.0
p ʃ	0.0	117	16398	9162	0.0
s aʊ	0.0	87	36515	2353	0.0
g ɛ	0.0	85	6495	12843	0.0
ɪ h	0.0	140	58757	3880	0.0
k ɔɪ	0.0	41	23887	819	0.0
u ɟ	0.0	41	4890	4002	0.0
k ɛ	0.0	159	23887	12843	0.0
ð ɛ	0.0	25	591	12843	0.0
u ɪ	0.0	153	4890	58757	0.0
d v	0.0	105	21857	6212	0.0
ɑ ʒ	0.0	39	4332	4332	0.0
ɹ ð	0.0	36	27149	591	0.0
u k	0.0	96	4890	23887	0.0
l k	0.0	233	29129	23887	0.0
t b	0.0	179	36312	11438	0.0
u g	0.0	49	4890	6495	0.0
ɛ z	0.0	141	12843	20631	0.0
aɪ ɪ	0.0	187	7988	58757	0.0
n l	0.0	267	32884	29129	0.0
n g	0.0	125	32884	6495	0.0
eɪ f	0.0	85	10637	9379	0.0
u c	0.0	31	4890	2730	0.0
aʊ ð	0.0	10	2353	591	0.002
z ɛ	0.0	138	20631	12843	0.0
t m	0.0	200	36312	15436	0.0
l p	0.0	184	29129	16398	0.0
s h	0.0	100	36515	3880	0.0
ŋ h	0.0	51	9515	3880	0.0
oʊ h	0.0	46	7748	3880	0.0
ʃ m	0.0	99	9162	15436	0.0
ɹ b	0.0	146	27149	11438	0.0
s j	0.0	107	36515	4601	0.0
ɪ oʊ	0.0	176	58757	7748	0.0
d b	0.0	130	21857	11438	0.0
g m	0.0	82	6495	15436	0.0
ɔɪ ə	0.0	55	819	55155	0.0
oʊ ɟ	0.0	45	7748	4002	0.0
w oʊ	0.0	49	4774	7748	0.0
n ɑ	0.0	96	32884	4332	0.0
k aɪ	0.0	111	23887	7988	0.0
g u	0.0	45	6495	4890	0.0
j ɔ	0.0	63	4601	13555	0.0
d h	0.0	73	21857	3880	0.0
z j	0.0	76	20631	4601	0.0
ð d	0.0	28	591	21857	0.0
ɑ ʃ	0.0	49	4332	9162	0.0
θ j	0.0	21	1594	4601	0.0
k b	0.0	128	23887	11438	0.0
n ɔɪ	0.0	40	32884	819	0.0
s ɑ	0.0	96	36515	4332	0.0
l ʊ	0.0	75	29129	3384	0.0
l s	0.0	246	29129	36515	0.0
d m	0.0	138	21857	15436	0.0
n w	0.0	94	32884	4774	0.0
g aɪ	0.0	54	6495	7988	0.0
b ɟ	0.0	50	11438	4002	0.0
ŋ b	0.0	77	9515	11438	0.0
ʃ ɹ	0.0	116	9162	27149	0.0
p c	0.0	49	16398	2730	0.0
ʊ ɹ	0.0	70	3384	27149	0.0
θ f	0.0	28	1594	9379	0.0
k ʊ	0.0	65	23887	3384	0.0
n b	0.0	140	32884	11438	0.0
ʒ eɪ	0.0	49	4332	10637	0.0
f ɔɪ	0.0	20	9379	819	0.0
ŋ θ	0.0	28	9515	1594	0.0
ʒ oʊ	0.0	41	4332	7748	0.0
d u	0.0	73	21857	4890	0.0
g d	0.0	84	6495	21857	0.0
w u	0.0	34	4774	4890	0.0
v n	0.0	100	6212	32884	0.0
eɪ g	0.0	58	10637	6495	0.0
ʒ m	0.0	57	4332	15436	0.0
n m	0.0	157	32884	15436	0.0
ʃ w	0.0	46	9162	4774	0.0
g aʊ	0.0	27	6495	2353	0.0
i w	0.0	39	6732	4774	0.0
l ɟ	0.0	73	29129	4002	0.0
i ə	0.0	130	6732	55155	0.0
ɑ ɹ	0.0	73	4332	27149	0.0
ŋ p	0.0	84	9515	16398	0.0
aɪ ɟ	0.0	38	7988	4002	0.0
ʒ ɑ	0.0	29	4332	4332	0.0
eɪ c	0.0	36	10637	2730	0.0
ʃ b	0.0	68	9162	11438	0.0
θ æ	0.0	29	1594	12122	0.0
n aʊ	0.0	58	32884	2353	0.0
ʃ l	0.0	106	9162	29129	0.0
m ɔɪ	0.0	23	15436	819	0.0
l h	0.0	68	29129	3880	0.0
ʃ n	0.0	111	9162	32884	0.0
b d	0.0	101	11438	21857	0.0
ɹ l	0.0	179	27149	29129	0.0
l c	0.0	56	29129	2730	0.0
ɔɪ t	0.0	34	819	36312	0.0
m l	0.0	132	15436	29129	0.0
j oʊ	0.0	37	4601	7748	0.0
z æ	0.0	98	20631	12122	0.0
h ɔɪ	0.0	11	3880	819	0.001
s b	0.0	125	36515	11438	0.0
aɪ g	0.0	44	7988	6495	0.0
eɪ θ	0.0	25	10637	1594	0.0
u ə	0.0	99	4890	55155	0.0
θ l	0.0	41	1594	29129	0.0
l θ	0.0	41	29129	1594	0.0
θ oʊ	0.0	21	1594	7748	0.0
d f	0.0	85	21857	9379	0.0
ɛ ʒ	0.0	44	12843	4332	0.0
d n	0.0	158	21857	32884	0.0
j ɛ	0.0	45	4601	12843	0.0
æ z	0.0	92	12122	20631	0.0
ʊ p	0.0	43	3384	16398	0.0
ɪ æ	0.0	153	58757	12122	0.0
t n	0.0	198	36312	32884	0.0
n p	0.0	133	32884	16398	0.0
ɛ b	0.0	69	12843	11438	0.0
i oʊ	0.0	41	6732	7748	0.0
l g	0.0	78	29129	6495	0.0
ɔ ð	0.0	16	13555	591	0.0
oʊ ə	0.0	116	7748	55155	0.0
ɹ p	0.0	117	27149	16398	0.0
n u	0.0	69	32884	4890	0.0
f θ	0.0	21	9379	1594	0.0
d s	0.0	152	21857	36515	0.0
i ɪ	0.0	107	6732	58757	0.0
ɪ w	0.0	90	58757	4774	0.0
m n	0.0	120	15436	32884	0.0
l w	0.0	62	29129	4774	0.0
f u	0.0	35	9379	4890	0.0
ɹ ʃ	0.0	81	27149	9162	0.0
eɪ ʒ	0.0	34	10637	4332	0.0
l n	0.0	154	29129	32884	0.0
eɪ ɪ	0.0	124	10637	58757	0.0
i ɛ	0.0	45	6732	12843	0.0
k h	0.0	46	23887	3880	0.0
t ɔɪ	0.0	26	36312	819	0.0
θ aɪ	0.0	17	1594	7988	0.0
s g	0.0	73	36515	6495	0.0
ʃ aʊ	0.0	22	9162	2353	0.0
ʃ h	0.0	28	9162	3880	0.0
ʊ b	0.0	29	3384	11438	0.0
oʊ ʒ	0.0	27	7748	4332	0.0
p h	0.0	37	16398	3880	0.0
ʊ c	0.0	14	3384	2730	0.0
p f	0.0	57	16398	9379	0.0
ŋ s	0.0	85	9515	36515	0.0
t p	0.0	111	36312	16398	0.0
m w	0.0	39	15436	4774	0.0
p w	0.0	40	16398	4774	0.0
ɪ ɔ	0.0	127	58757	13555	0.0
ɔ w	0.0	36	13555	4774	0.0
ɪ ʒ	0.0	71	58757	4332	0.0
ɹ g	0.0	59	27149	6495	0.0
g h	0.0	22	6495	3880	0.0
eɪ ə	0.0	105	10637	55155	0.0
m s	0.0	101	15436	36515	0.0
n ɹ	0.0	126	32884	27149	0.0
aɪ w	0.0	26	7988	4774	0.0
ŋ m	0.0	51	9515	15436	0.0
k n	0.0	117	23887	32884	0.0
ɑ h	0.0	17	4332	3880	0.0
z ɔ	0.0	69	20631	13555	0.0
j æ	0.0	30	4601	12122	0.0
ɔ h	0.0	29	13555	3880	0.0
d p	0.0	75	21857	16398	0.0
oʊ ɔ	0.0	40	7748	13555	0.0
ɹ f	0.0	60	27149	9379	0.0
z b	0.0	57	20631	11438	0.0
ŋ f	0.0	35	9515	9379	0.0
ʊ æ	0.0	23	3384	12122	0.0
z aɪ	0.0	46	20631	7988	0.0
aɪ oʊ	0.0	28	7988	7748	0.0
i eɪ	0.0	30	6732	10637	0.0
ʒ w	0.0	16	4332	4774	0.0
t ʊ	0.0	39	36312	3384	0.0
p b	0.0	48	16398	11438	0.0
t k	0.0	102	36312	23887	0.0
i ɔ	0.0	33	6732	13555	0.0
l ʃ	0.0	56	29129	9162	0.0
ʒ h	0.0	14	4332	3880	0.0
s θ	0.0	26	36515	1594	0.0
z oʊ	0.0	43	20631	7748	0.0
d ʃ	0.0	48	21857	9162	0.0
d k	0.0	77	21857	23887	0.0
ŋ ə	0.0	77	9515	55155	0.0
m h	0.0	26	15436	3880	0.0
ʃ p	0.0	41	9162	16398	0.0
f h	0.0	20	9379	3880	0.0
aʊ h	0.0	10	2353	3880	0.002
ŋ d	0.0	47	9515	21857	0.0
ɛ ŋ	0.0	36	12843	9515	0.0
aɪ æ	0.0	32	7988	12122	0.0
ŋ ɹ	0.0	51	9515	27149	0.0
ŋ ɪ	0.0	75	9515	58757	0.0
ɔɪ ɪ	0.0	22	819	58757	0.0
oʊ w	0.0	19	7748	4774	0.0
aɪ ɹ	0.0	46	7988	27149	0.0
s ɔɪ	0.0	17	36515	819	0.0
i ɹ	0.0	42	6732	27149	0.0
f b	0.0	32	9379	11438	0.0
aɪ ɔ	0.0	32	7988	13555	0.0
k f	0.0	46	23887	9379	0.0
z ɑ	0.0	29	20631	4332	0.0
θ n	0.0	22	1594	32884	0.0
w aʊ	0.0	10	4774	2353	0.002
aʊ w	0.0	10	2353	4774	0.002
ð m	0.0	9	591	15436	0.004
θ p	0.0	15	1594	16398	0.0
z w	0.0	29	20631	4774	0.0
s ɹ	0.0	92	36515	27149	0.0
ʒ j	0.0	13	4332	4601	0.0
oʊ æ	0.0	28	7748	12122	0.0
k m	0.0	55	23887	15436	0.0
ŋ w	0.0	19	9515	4774	0.0
ʒ aʊ	0.0	9	4332	2353	0.004
θ b	0.0	12	1594	11438	0.0
oʊ ɛ	0.0	28	7748	12843	0.0
t θ	0.0	21	36312	1594	0.0
u h	0.0	12	4890	3880	0.0
ʊ ɛ	0.0	18	3384	12843	0.0
n n	0.0	89	32884	32884	0.0
ʊ ɪ	0.0	38	3384	58757	0.0
t g	0.0	41	36312	6495	0.0
ɹ z	0.0	63	27149	20631	0.0
ð h	0.0	4	591	3880	0.125
v ð	0.0	5	6212	591	0.062
s ʊ	0.0	29	36515	3384	0.0
f k	0.0	39	9379	23887	0.0
d ɔɪ	0.0	11	21857	819	0.001
l ɹ	0.0	73	29129	27149	0.0
θ aʊ	0.0	5	1594	2353	0.062
p m	0.0	41	16398	15436	0.0
z i	0.0	30	20631	6732	0.0
ɔɪ f	0.0	7	819	9379	0.016
u ɛ	0.0	20	4890	12843	0.0
i j	0.0	14	6732	4601	0.0
p k	0.0	49	16398	23887	0.0
z l	0.0	60	20631	29129	0.0
ɪ ɛ	0.0	67	58757	12843	0.0
g b	0.0	21	6495	11438	0.0
n ŋ	0.0	43	32884	9515	0.0
b t	0.0	49	11438	36312	0.0
k p	0.0	47	23887	16398	0.0
ʃ k	0.0	35	9162	23887	0.0
ʊ f	0.0	13	3384	9379	0.0
f g	0.0	18	9379	6495	0.0
θ ɑ	0.0	6	1594	4332	0.031
t d	0.0	64	36312	21857	0.0
b v	0.0	19	11438	6212	0.0
ɔɪ m	0.0	8	819	15436	0.008
i ʒ	0.0	12	6732	4332	0.0
θ m	0.0	11	1594	15436	0.001
v w	0.0	12	6212	4774	0.0
ɑ w	0.0	10	4332	4774	0.002
ʃ ɔɪ	0.0	6	9162	819	0.031
p d	0.0	41	16398	21857	0.0
p g	0.0	22	16398	6495	0.0
ʃ d	0.0	30	9162	21857	0.0
s s	0.0	77	36515	36515	0.0
i æ	0.0	19	6732	12122	0.0
d g	0.0	25	21857	6495	0.0
ʃ g	0.0	16	9162	6495	0.0
ʊ s	0.0	23	3384	36515	0.0
ʃ f	0.0	19	9162	9379	0.0
v m	0.0	20	6212	15436	0.0
ʒ f	0.0	13	4332	9379	0.0
ŋ ʃ	0.0	19	9515	9162	0.0
ʊ z	0.0	17	3384	20631	0.0
b m	0.0	27	11438	15436	0.0
w ɔɪ	0.0	4	4774	819	0.125
i aʊ	0.0	8	6732	2353	0.008
ð eɪ	0.0	5	591	10637	0.062
m k	0.0	38	15436	23887	0.0
k d	0.0	45	23887	21857	0.0
aʊ ɪ	0.0	23	2353	58757	0.0
ð s	0.0	9	591	36515	0.004
aʊ b	0.0	10	2353	11438	0.002
t ʃ	0.0	35	36312	9162	0.0
θ c	0.0	4	1594	2730	0.125
u j	0.0	9	4890	4601	0.004
ŋ t	0.0	35	9515	36312	0.0
ð æ	0.0	5	591	12122	0.062
p n	0.0	43	16398	32884	0.0
θ t	0.0	14	1594	36312	0.0
n ð	0.0	8	32884	591	0.008
k k	0.0	43	23887	23887	0.0
j i	0.0	10	4601	6732	0.002
aɪ h	0.0	10	7988	3880	0.002
f w	0.0	12	9379	4774	0.0
i aɪ	0.0	13	6732	7988	0.0
m ʃ	0.0	21	15436	9162	0.0
g ɔɪ	0.0	4	6495	819	0.125
aɪ c	0.0	8	7988	2730	0.008
ð aʊ	0.0	2	591	2353	0.5
f p	0.0	21	9379	16398	0.0
ɪ ɑ	0.0	27	58757	4332	0.0
m ʊ	0.0	12	15436	3384	0.0
ɹ ɹ	0.0	45	27149	27149	0.0
oʊ ɹ	0.0	24	7748	27149	0.0
t t	0.0	60	36312	36312	0.0
b h	0.0	11	11438	3880	0.001
g p	0.0	17	6495	16398	0.0
ɔɪ b	0.0	5	819	11438	0.062
b k	0.0	27	11438	23887	0.0
u oʊ	0.0	10	4890	7748	0.002
s ɟ	0.0	19	36515	4002	0.0
ʒ b	0.0	11	4332	11438	0.001
ɑ oʊ	0.0	9	4332	7748	0.004
eɪ oʊ	0.0	14	10637	7748	0.0
ʃ j	0.0	10	9162	4601	0.002
v ɹ	0.0	20	6212	27149	0.0
d t	0.0	43	21857	36312	0.0
u ɑ	0.0	7	4890	4332	0.016
ʊ n	0.0	16	3384	32884	0.0
ð i	0.0	3	591	6732	0.25
aɪ i	0.0	11	7988	6732	0.001
aʊ m	0.0	9	2353	15436	0.004
b w	0.0	11	11438	4774	0.001
l l	0.0	43	29129	29129	0.0
θ eɪ	0.0	6	1594	10637	0.031
s d	0.0	41	36515	21857	0.0
u w	0.0	7	4890	4774	0.016
ð l	0.0	6	591	29129	0.031
z f	0.0	20	20631	9379	0.0
z aʊ	0.0	10	20631	2353	0.002
ɔɪ ŋ	0.0	4	819	9515	0.125
ʒ l	0.0	16	4332	29129	0.0
v b	0.0	12	6212	11438	0.0
ð oʊ	0.0	3	591	7748	0.25
eɪ h	0.0	9	10637	3880	0.004
z u	0.0	14	20631	4890	0.0
b n	0.0	27	11438	32884	0.0
u eɪ	0.0	10	4890	10637	0.002
ð aɪ	0.0	3	591	7988	0.25
ŋ aɪ	0.0	12	9515	7988	0.0
ɔɪ k	0.0	6	819	23887	0.031
d θ	0.0	8	21857	1594	0.008
b f	0.0	14	11438	9379	0.0
ɔɪ c	0.0	2	819	2730	0.5
d d	0.0	29	21857	21857	0.0
aʊ ɟ	0.0	4	2353	4002	0.125
g s	0.0	20	6495	36515	0.0
θ k	0.0	8	1594	23887	0.008
k θ	0.0	8	23887	1594	0.008
j eɪ	0.0	9	4601	10637	0.004
aɪ ɛ	0.0	13	7988	12843	0.0
ɔɪ ɛ	0.0	4	819	12843	0.125
j aʊ	0.0	4	4601	2353	0.125
θ h	0.0	3	1594	3880	0.25
t c	0.0	12	36312	2730	0.0
m t	0.0	28	15436	36312	0.0
p θ	0.0	6	16398	1594	0.031
oʊ j	0.0	7	7748	4601	0.016
d ʊ	0.0	10	21857	3384	0.002
ð b	0.0	3	591	11438	0.25
g f	0.0	9	6495	9379	0.004
f n	0.0	20	9379	32884	0.0
eɪ w	0.0	8	10637	4774	0.008
ɔɪ h	0.0	2	819	3880	0.5
aɪ θ	0.0	4	7988	1594	0.125
i ɑ	0.0	6	6732	4332	0.031
oʊ i	0.0	8	7748	6732	0.008
v ʊ	0.0	5	6212	3384	0.062
ʒ k	0.0	11	4332	23887	0.001
ŋ aʊ	0.0	5	9515	2353	0.062
f d	0.0	15	9379	21857	0.0
j ɪ	0.0	17	4601	58757	0.0
ɔ ɪ	0.0	29	13555	58757	0.0
ŋ n	0.0	18	9515	32884	0.0
eɪ ɔ	0.0	12	10637	13555	0.0
v s	0.0	15	6212	36515	0.0
m ɹ	0.0	20	15436	27149	0.0
g t	0.0	15	6495	36312	0.0
ʊ oʊ	0.0	5	3384	7748	0.062
aɪ eɪ	0.0	9	7988	10637	0.004
z ɔɪ	0.0	4	20631	819	0.125
æ ʒ	0.0	7	12122	4332	0.016
g k	0.0	12	6495	23887	0.0
ɔɪ æ	0.0	3	819	12122	0.25
ʒ p	0.0	8	4332	16398	0.008
g ʒ	0.0	5	6495	4332	0.062
eɪ ɹ	0.0	16	10637	27149	0.0
v t	0.0	14	6212	36312	0.0
z ɹ	0.0	22	20631	27149	0.0
ʃ s	0.0	17	9162	36515	0.0
m v	0.0	9	15436	6212	0.004
p p	0.0	15	16398	16398	0.0
f m	0.0	11	9379	15436	0.001
g i	0.0	6	6495	6732	0.031
v u	0.0	5	6212	4890	0.062
d c	0.0	7	21857	2730	0.016
z h	0.0	8	20631	3880	0.008
aʊ ɹ	0.0	7	2353	27149	0.016
z p	0.0	16	20631	16398	0.0
p ɟ	0.0	7	16398	4002	0.016
aʊ ʃ	0.0	4	2353	9162	0.125
ɔɪ i	0.0	2	819	6732	0.5
t ɟ	0.0	10	36312	4002	0.002
z k	0.0	18	20631	23887	0.0
m θ	0.0	4	15436	1594	0.125
ʃ c	0.0	4	9162	2730	0.125
ɔɪ oʊ	0.0	2	819	7748	0.5
v f	0.0	6	6212	9379	0.031
g ʃ	0.0	6	6495	9162	0.031
m m	0.0	12	15436	15436	0.0
s ʃ	0.0	14	36515	9162	0.0
m ɟ	0.0	6	15436	4002	0.031
ʊ w	0.0	3	3384	4774	0.25
i i	0.0	5	6732	6732	0.062
ʊ ɔ	0.0	5	3384	13555	0.062
ɔɪ ʃ	0.0	2	819	9162	0.5
aʊ ʊ	0.0	2	2353	3384	0.5
ð ɔ	0.0	2	591	13555	0.5
u i	0.0	4	4890	6732	0.125
aɪ ɑ	0.0	4	7988	4332	0.125
ɔɪ eɪ	0.0	2	819	10637	0.5
t v	0.0	10	36312	6212	0.002
oʊ eɪ	0.0	6	7748	10637	0.031
aɪ j	0.0	4	7988	4601	0.125
v k	0.0	8	6212	23887	0.008
ɔ ʒ	0.0	5	13555	4332	0.062
k g	0.0	8	23887	6495	0.008
ʒ s	0.0	8	4332	36515	0.008
z v	0.0	7	20631	6212	0.016
eɪ æ	0.0	7	10637	12122	0.016
z g	0.0	7	20631	6495	0.016
eɪ aʊ	0.0	3	10637	2353	0.25
eɪ i	0.0	5	10637	6732	0.062
eɪ ɑ	0.0	4	10637	4332	0.125
n ʒ	0.0	7	32884	4332	0.016
aɪ ʃ	0.0	5	7988	9162	0.062
ʒ c	0.0	2	4332	2730	0.5
n ʊ	0.0	6	32884	3384	0.031
ʒ g	0.0	3	4332	6495	0.25
d ð	0.0	2	21857	591	0.5
ʒ ɹ	0.0	6	4332	27149	0.031
ɔɪ p	0.0	2	819	16398	0.5
ʊ ɟ	0.0	2	3384	4002	0.5
f ʃ	0.0	5	9379	9162	0.062
θ ʃ	0.0	2	1594	9162	0.5
ʊ ɑ	0.0	2	3384	4332	0.5
oʊ ɑ	0.0	3	7748	4332	0.25
eɪ ɛ	0.0	6	10637	12843	0.031
aʊ g	0.0	2	2353	6495	0.5
k ɟ	0.0	5	23887	4002	0.062
ɔ j	0.0	4	13555	4601	0.125
aʊ i	0.0	2	2353	6732	0.5
v c	0.0	2	6212	2730	0.5
aʊ p	0.0	3	2353	16398	0.25
oʊ aʊ	0.0	2	7748	2353	0.5
b θ	0.0	2	11438	1594	0.5
ŋ oʊ	0.0	4	9515	7748	0.125
aɪ aʊ	0.0	2	7988	2353	0.5
z n	0.0	12	20631	32884	0.0
ɑ j	0.0	2	4332	4601	0.5
ŋ ɔ	0.0	5	9515	13555	0.062
ɹ w	0.0	5	27149	4774	0.062
b p	0.0	6	11438	16398	0.031
ʃ ʃ	0.0	4	9162	9162	0.125
f ð	0.0	1	9379	591	1.0
ð f	0.0	1	591	9379	1.0
ɔɪ ɹ	0.0	2	819	27149	0.5
v h	0.0	2	6212	3880	0.5
s v	0.0	6	36515	6212	0.031
ŋ eɪ	0.0	4	9515	10637	0.125
v p	0.0	4	6212	16398	0.125
ŋ c	0.0	2	9515	2730	0.5
g ɟ	0.0	2	6495	4002	0.5
ɑ ɔ	0.0	3	4332	13555	0.25
ʒ v	0.0	2	4332	6212	0.5
ŋ ɔɪ	0.0	1	9515	819	1.0
b c	0.0	2	11438	2730	0.5
ʊ ŋ	0.0	2	3384	9515	0.5
b g	0.0	3	11438	6495	0.25
θ d	0.0	2	1594	21857	0.5
ʒ n	0.0	4	4332	32884	0.125
z ɟ	0.0	3	20631	4002	0.25
f ɟ	0.0	2	9379	4002	0.5
ŋ ɟ	0.0	2	9515	4002	0.5
ɪ aɪ	0.0	7	58757	7988	0.016
aɪ u	0.0	2	7988	4890	0.5
ʒ t	0.0	4	4332	36312	0.125
ʒ ʃ	0.0	2	4332	9162	0.5
ɑ ɪ	0.0	5	4332	58757	0.062
ŋ ɑ	0.0	2	9515	4332	0.5
m c	0.0	2	15436	2730	0.5
ŋ j	0.0	2	9515	4601	0.5
ɪ i	0.0	6	58757	6732	0.031
m g	0.0	3	15436	6495	0.25
u aʊ	0.0	1	4890	2353	1.0
aʊ k	0.0	2	2353	23887	0.5
f v	0.0	2	9379	6212	0.5
aʊ v	0.0	1	2353	6212	1.0
u ɹ	0.0	3	4890	27149	0.25
ŋ v	0.0	2	9515	6212	0.5
ə ʒ	0.0	4	55155	4332	0.125
z t	0.0	7	20631	36312	0.016
ɪ aʊ	0.0	3	58757	2353	0.25
oʊ aɪ	0.0	2	7748	7988	0.5
ə j	0.0	4	55155	4601	0.125
aɪ aɪ	0.0	2	7988	7988	0.5
ð ɹ	0.0	1	591	27149	1.0
u ɔ	0.0	2	4890	13555	0.5
l ð	0.0	1	29129	591	1.0
z ʊ	0.0	2	20631	3384	0.5
ð n	0.0	1	591	32884	1.0
ɔ ə	0.0	6	13555	55155	0.031
ð t	0.0	1	591	36312	1.0
d ɟ	0.0	2	21857	4002	0.5
j w	0.0	1	4601	4774	1.0
ʊ i	0.0	1	3384	6732	1.0
v ɟ	0.0	1	6212	4002	1.0
p v	0.0	2	16398	6212	0.5
eɪ eɪ	0.0	2	10637	10637	0.5
ŋ æ	0.0	2	9515	12122	0.5
aʊ ɛ	0.0	1	2353	12843	1.0
ə ɪ	0.0	10	55155	58757	0.002
b b	0.0	2	11438	11438	0.5
u aɪ	0.0	1	4890	7988	1.0
z s	0.0	4	20631	36515	0.125
z ʃ	0.0	2	20631	9162	0.5
eɪ j	0.0	1	10637	4601	1.0
ə aɪ	0.0	3	55155	7988	0.25
u æ	0.0	1	4890	12122	1.0
ɑ ə	0.0	2	4332	55155	0.5
ɪ j	0.0	2	58757	4601	0.5
ə æ	0.0	3	55155	12122	0.25
b ʃ	0.0	1	11438	9162	1.0
ɹ j	0.0	1	27149	4601	1.0
k v	0.0	1	23887	6212	1.0
ə ɔ	0.0	1	55155	13555	1.0
ə ə	0.0	1	55155	55155	1.0
