ngram	insep	N(C1C2)	N(C1)	N(C2)	p(C1C2)
n d	0.97	63459	349455	121141	0.0
t s	0.66	78017	376161	249805	0.0
s t	0.25	48341	249805	376161	0.0
ʃ t	0.19	25909	97322	376161	0.0
n t	0.17	46557	349455	376161	0.0
ʃ p	0.14	10023	97322	77680	0.0
ŋ s	0.13	12017	46009	249805	0.0
ç t	0.11	13440	46408	376161	0.0
ŋ k	0.07	6017	46009	110400	0.0
l t	0.06	20501	181100	376161	0.0
p f	0.06	7552	77680	122071	0.0
k t	0.05	14784	110400	376161	0.0
m p	0.04	5944	118515	77680	0.0
χ t	0.03	4762	17613	376161	0.0
f t	0.03	12203	122071	376161	0.0
n s	0.03	16347	349455	249805	0.0
ʃ v	0.03	4114	97322	57528	0.0
f l	0.03	7848	122071	181100	0.0
s v	0.03	5971	249805	57528	0.0
k l	0.02	6752	110400	181100	0.0
k s	0.02	7703	110400	249805	0.0
ʃ l	0.02	6070	97322	181100	0.0
b l	0.02	5953	95193	181100	0.0
n ʃ	0.02	7969	349455	97322	0.0
s p	0.02	5830	249805	77680	0.0
n g	0.02	8498	349455	123295	0.0
s b	0.02	6169	249805	95193	0.0
p l	0.02	4704	77680	181100	0.0
s g	0.02	6896	249805	123295	0.0
s f	0.01	6482	249805	122071	0.0
n z	0.01	5296	349455	58969	0.0
n f	0.01	7614	349455	122071	0.0
k v	0.01	2857	110400	57528	0.0
l d	0.01	4988	181100	121141	0.0
ç k	0.01	2374	46408	110400	0.0
g l	0.01	4826	123295	181100	0.0
s k	0.01	5341	249805	110400	0.0
n h	0.01	3640	349455	41069	0.0
t ʃ	0.01	5716	376161	97322	0.0
n b	0.01	5257	349455	95193	0.0
s ʃ	0.01	4431	249805	97322	0.0
p t	0.01	4721	77680	376161	0.0
l b	0.01	3517	181100	95193	0.0
n k	0.01	5240	349455	110400	0.0
p g	0.01	2517	77680	123295	0.0
χ g	0.01	1135	17613	123295	0.0
n v	0.01	3338	349455	57528	0.0
d ʒ	0.0	183	121141	565	0.0
p ʃ	0.0	1868	77680	97322	0.0
l f	0.0	3113	181100	122071	0.0
s h	0.0	2082	249805	41069	0.0
ç n	0.0	2594	46408	349455	0.0
t l	0.0	5276	376161	181100	0.0
s m	0.0	3382	249805	118515	0.0
l k	0.0	2770	181100	110400	0.0
s l	0.0	4072	249805	181100	0.0
l s	0.0	4049	181100	249805	0.0
f g	0.0	2221	122071	123295	0.0
m b	0.0	1884	118515	95193	0.0
d l	0.0	2609	121141	181100	0.0
ʃ m	0.0	1862	97322	118515	0.0
l n	0.0	4282	181100	349455	0.0
ç z	0.0	890	46408	58969	0.0
ŋ ʒ	0.0	86	46009	565	0.0
m t	0.0	3523	118515	376161	0.0
t v	0.0	2433	376161	57528	0.0
t g	0.0	3532	376161	123295	0.0
t h	0.0	2037	376161	41069	0.0
l g	0.0	2423	181100	123295	0.0
p h	0.0	913	77680	41069	0.0
t b	0.0	2978	376161	95193	0.0
χ b	0.0	620	17613	95193	0.0
l p	0.0	1765	181100	77680	0.0
g s	0.0	2606	123295	249805	0.0
ç s	0.0	1580	46408	249805	0.0
n l	0.0	3658	349455	181100	0.0
l ʃ	0.0	1927	181100	97322	0.0
ŋ g	0.0	1079	46009	123295	0.0
ʃ n	0.0	2581	97322	349455	0.0
t f	0.0	2979	376161	122071	0.0
χ z	0.0	440	17613	58969	0.0
χ ʃ	0.0	562	17613	97322	0.0
p z	0.0	910	77680	58969	0.0
p s	0.0	1852	77680	249805	0.0
χ v	0.0	416	17613	57528	0.0
m s	0.0	2239	118515	249805	0.0
s j	0.0	491	249805	5744	0.0
p j	0.0	273	77680	5744	0.0
z j	0.0	236	58969	5744	0.0
χ s	0.0	829	17613	249805	0.0
t z	0.0	1763	376161	58969	0.0
l v	0.0	1197	181100	57528	0.0
l m	0.0	1694	181100	118515	0.0
χ f	0.0	534	17613	122071	0.0
ç g	0.0	869	46408	123295	0.0
f ʃ	0.0	1207	122071	97322	0.0
m g	0.0	1334	118515	123295	0.0
l z	0.0	1140	181100	58969	0.0
n j	0.0	493	349455	5744	0.0
n p	0.0	1798	349455	77680	0.0
k g	0.0	1268	110400	123295	0.0
χ l	0.0	612	17613	181100	0.0
f s	0.0	1837	122071	249805	0.0
k n	0.0	2023	110400	349455	0.0
m ʃ	0.0	1104	118515	97322	0.0
d ʃ	0.0	1113	121141	97322	0.0
χ h	0.0	273	17613	41069	0.0
k ʃ	0.0	1031	110400	97322	0.0
l h	0.0	817	181100	41069	0.0
p v	0.0	592	77680	57528	0.0
d v	0.0	732	121141	57528	0.0
k h	0.0	580	110400	41069	0.0
n m	0.0	1749	349455	118515	0.0
s d	0.0	1473	249805	121141	0.0
g n	0.0	1757	123295	349455	0.0
d b	0.0	887	121141	95193	0.0
t m	0.0	1729	376161	118515	0.0
m f	0.0	959	118515	122071	0.0
ŋ t	0.0	1048	46009	376161	0.0
m z	0.0	648	118515	58969	0.0
b j	0.0	181	95193	5744	0.0
m v	0.0	629	118515	57528	0.0
k b	0.0	777	110400	95193	0.0
ç ʃ	0.0	495	46408	97322	0.0
k z	0.0	584	110400	58969	0.0
d z	0.0	606	121141	58969	0.0
k f	0.0	830	110400	122071	0.0
f b	0.0	769	122071	95193	0.0
t k	0.0	1443	376161	110400	0.0
m l	0.0	1035	118515	181100	0.0
g t	0.0	1500	123295	376161	0.0
χ k	0.0	306	17613	110400	0.0
t p	0.0	1172	376161	77680	0.0
b s	0.0	1048	95193	249805	0.0
f z	0.0	566	122071	58969	0.0
f v	0.0	558	122071	57528	0.0
f h	0.0	470	122071	41069	0.0
ç l	0.0	575	46408	181100	0.0
m d	0.0	738	118515	121141	0.0
d f	0.0	723	121141	122071	0.0
b t	0.0	1119	95193	376161	0.0
ç j	0.0	96	46408	5744	0.0
m k	0.0	659	118515	110400	0.0
χ d	0.0	263	17613	121141	0.0
χ m	0.0	260	17613	118515	0.0
p k	0.0	523	77680	110400	0.0
m h	0.0	394	118515	41069	0.0
d n	0.0	1150	121141	349455	0.0
s z	0.0	675	249805	58969	0.0
ŋ l	0.0	495	46009	181100	0.0
b ʃ	0.0	510	95193	97322	0.0
b z	0.0	391	95193	58969	0.0
ç v	0.0	268	46408	57528	0.0
d g	0.0	605	121141	123295	0.0
f k	0.0	571	122071	110400	0.0
ç f	0.0	368	46408	122071	0.0
p b	0.0	403	77680	95193	0.0
n ʒ	0.0	65	349455	565	0.0
l ç	0.0	410	181100	46408	0.0
v j	0.0	80	57528	5744	0.0
t n	0.0	1579	376161	349455	0.0
ç b	0.0	288	46408	95193	0.0
b v	0.0	315	95193	57528	0.0
χ p	0.0	157	17613	77680	0.0
l j	0.0	136	181100	5744	0.0
t j	0.0	194	376161	5744	0.0
ʒ m	0.0	34	565	118515	0.0
g b	0.0	446	123295	95193	0.0
g z	0.0	350	123295	58969	0.0
n ç	0.0	510	349455	46408	0.0
f p	0.0	383	122071	77680	0.0
d s	0.0	683	121141	249805	0.0
d j	0.0	103	121141	5744	0.0
b g	0.0	421	95193	123295	0.0
p d	0.0	366	77680	121141	0.0
d m	0.0	448	121141	118515	0.0
s n	0.0	1086	249805	349455	0.0
ŋ z	0.0	183	46009	58969	0.0
f f	0.0	423	122071	122071	0.0
s ç	0.0	367	249805	46408	0.0
k m	0.0	379	110400	118515	0.0
f m	0.0	389	122071	118515	0.0
ŋ v	0.0	161	46009	57528	0.0
f n	0.0	636	122071	349455	0.0
k p	0.0	278	110400	77680	0.0
p m	0.0	287	77680	118515	0.0
d k	0.0	335	121141	110400	0.0
g m	0.0	349	123295	118515	0.0
ç h	0.0	125	46408	41069	0.0
ŋ ʃ	0.0	185	46009	97322	0.0
d p	0.0	258	121141	77680	0.0
ŋ f	0.0	198	46009	122071	0.0
χ j	0.0	26	17613	5744	0.0
k d	0.0	298	110400	121141	0.0
ŋ h	0.0	111	46009	41069	0.0
ç m	0.0	188	46408	118515	0.0
t d	0.0	523	376161	121141	0.0
ç p	0.0	144	46408	77680	0.0
b f	0.0	254	95193	122071	0.0
ŋ b	0.0	149	46009	95193	0.0
g v	0.0	188	123295	57528	0.0
ʃ b	0.0	206	97322	95193	0.0
b k	0.0	219	95193	110400	0.0
p n	0.0	330	77680	349455	0.0
g ʃ	0.0	214	123295	97322	0.0
t t	0.0	732	376161	376161	0.0
b m	0.0	204	95193	118515	0.0
b n	0.0	350	95193	349455	0.0
m n	0.0	388	118515	349455	0.0
f j	0.0	46	122071	5744	0.0
p p	0.0	132	77680	77680	0.0
ʃ ʃ	0.0	161	97322	97322	0.0
ʃ s	0.0	256	97322	249805	0.0
g ŋ	0.0	116	123295	46009	0.0
f d	0.0	183	122071	121141	0.0
ç d	0.0	111	46408	121141	0.0
b d	0.0	151	95193	121141	0.0
d ç	0.0	105	121141	46408	0.0
ʃ k	0.0	144	97322	110400	0.0
g f	0.0	165	123295	122071	0.0
s s	0.0	321	249805	249805	0.0
z b	0.0	95	58969	95193	0.0
ʃ f	0.0	128	97322	122071	0.0
z l	0.0	121	58969	181100	0.0
v s	0.0	136	57528	249805	0.0
ŋ p	0.0	67	46009	77680	0.0
d t	0.0	233	121141	376161	0.0
b b	0.0	101	95193	95193	0.0
g k	0.0	123	123295	110400	0.0
g j	0.0	28	123295	5744	0.0
t ç	0.0	138	376161	46408	0.0
ŋ j	0.0	16	46009	5744	0.0
ʃ g	0.0	107	97322	123295	0.0
χ n	0.0	75	17613	349455	0.0
k ç	0.0	67	110400	46408	0.0
k j	0.0	22	110400	5744	0.0
ʃ h	0.0	55	97322	41069	0.0
g p	0.0	82	123295	77680	0.0
n n	0.0	287	349455	349455	0.0
b ç	0.0	51	95193	46408	0.0
p ç	0.0	46	77680	46408	0.0
h t	0.0	95	41069	376161	0.0
k k	0.0	78	110400	110400	0.0
m j	0.0	18	118515	5744	0.0
g g	0.0	81	123295	123295	0.0
h n	0.0	76	41069	349455	0.0
ŋ n	0.0	78	46009	349455	0.0
f ç	0.0	46	122071	46408	0.0
v l	0.0	62	57528	181100	0.0
m ç	0.0	44	118515	46408	0.0
ŋ m	0.0	43	46009	118515	0.0
b p	0.0	49	95193	77680	0.0
n ŋ	0.0	72	349455	46009	0.0
ʒ j	0.0	1	565	5744	1.0
v k	0.0	44	57528	110400	0.0
v p	0.0	34	57528	77680	0.0
g h	0.0	35	123295	41069	0.0
χ ç	0.0	14	17613	46408	0.0
ʃ z	0.0	37	97322	58969	0.0
v g	0.0	39	57528	123295	0.0
g d	0.0	56	123295	121141	0.0
v t	0.0	64	57528	376161	0.0
v b	0.0	31	57528	95193	0.0
l l	0.0	74	181100	181100	0.0
v z	0.0	22	57528	58969	0.0
j k	0.0	9	5744	110400	0.004
k ŋ	0.0	23	110400	46009	0.0
ŋ d	0.0	24	46009	121141	0.0
χ ʒ	0.0	1	17613	565	1.0
ʃ d	0.0	34	97322	121141	0.0
ʃ ç	0.0	20	97322	46408	0.0
h v	0.0	14	41069	57528	0.0
t ʒ	0.0	4	376161	565	0.125
m m	0.0	32	118515	118515	0.0
z n	0.0	38	58969	349455	0.0
v v	0.0	14	57528	57528	0.0
v f	0.0	20	57528	122071	0.0
v ʃ	0.0	17	57528	97322	0.0
v n	0.0	32	57528	349455	0.0
j s	0.0	7	5744	249805	0.016
ʒ v	0.0	1	565	57528	1.0
j j	0.0	1	5744	5744	1.0
h b	0.0	10	41069	95193	0.002
v m	0.0	13	57528	118515	0.0
ç ç	0.0	6	46408	46408	0.031
ʃ j	0.0	3	97322	5744	0.25
j l	0.0	4	5744	181100	0.125
ʒ f	0.0	1	565	122071	1.0
v d	0.0	9	57528	121141	0.004
v h	0.0	5	57528	41069	0.062
h m	0.0	7	41069	118515	0.016
d h	0.0	7	121141	41069	0.016
j d	0.0	2	5744	121141	0.5
h s	0.0	6	41069	249805	0.031
v ç	0.0	3	57528	46408	0.25
h f	0.0	4	41069	122071	0.125
h g	0.0	4	41069	123295	0.125
z g	0.0	4	58969	123295	0.125
ŋ ç	0.0	2	46009	46408	0.5
h l	0.0	3	41069	181100	0.25
h ʃ	0.0	2	41069	97322	0.5
h d	0.0	2	41069	121141	0.5
z s	0.0	3	58969	249805	0.25
z d	0.0	2	58969	121141	0.5
ŋ ŋ	0.0	1	46009	46009	1.0
h z	0.0	1	41069	58969	1.0
d d	0.0	2	121141	121141	0.5
h k	0.0	1	41069	110400	1.0
g ç	0.0	1	123295	46408	1.0
z m	0.0	1	58969	118515	1.0
