ngram	insep	N(C1C2)	N(C1)	N(C2)	p(C1C2)
g n	0.58	458	6050	11399	0.0
m p	0.45	233	9818	2364	0.0
d ɟ	0.4	235	6172	4242	0.0
s t	0.37	421	8632	10722	0.0
rː rː	0.29	6	154	154	0.031
fː fː	0.19	3	96	96	0.25
r t	0.16	313	10914	10722	0.0
p r	0.14	139	2364	10914	0.0
jː jː	0.14	4	147	147	0.125
n s	0.1	222	11399	8632	0.0
f r	0.07	127	4000	10914	0.0
r s	0.06	174	10914	8632	0.0
g l	0.06	168	6050	14920	0.0
c k	0.06	56	1836	5468	0.0
r d	0.05	138	10914	6172	0.0
b l	0.05	154	5802	14920	0.0
r l	0.05	209	10914	14920	0.0
r m	0.05	168	10914	9818	0.0
r k	0.05	123	10914	5468	0.0
s k	0.05	108	8632	5468	0.0
s p	0.05	70	8632	2364	0.0
tː l	0.05	56	890	14920	0.0
r n	0.04	168	10914	11399	0.0
x t	0.04	97	3940	10722	0.0
r g	0.04	116	10914	6050	0.0
c r	0.04	63	1836	10914	0.0
t r	0.04	149	10722	10914	0.0
x l	0.04	104	3940	14920	0.0
wː wː	0.04	1	74	74	1.0
b r	0.03	107	5802	10914	0.0
c t	0.03	55	1836	10722	0.0
p l	0.03	73	2364	14920	0.0
r c	0.03	55	10914	1836	0.0
l k	0.03	106	14920	5468	0.0
pː l	0.02	39	787	14920	0.0
j t	0.02	96	6834	10722	0.0
g r	0.02	90	6050	10914	0.0
s c	0.02	43	8632	1836	0.0
f l	0.02	83	4000	14920	0.0
r b	0.02	85	10914	5802	0.0
d rː	0.02	10	6172	154	0.002
l b	0.02	89	14920	5802	0.0
t l	0.02	120	10722	14920	0.0
mb r	0.02	36	1429	10914	0.0
j l	0.02	91	6834	14920	0.0
ŋ kː	0.02	15	1856	1496	0.0
w l	0.02	84	5937	14920	0.0
nt r	0.01	34	1408	10914	0.0
c l	0.01	44	1836	14920	0.0
p t	0.01	42	2364	10722	0.0
r j	0.01	71	10914	6834	0.0
j k	0.01	50	6834	5468	0.0
mb l	0.01	36	1429	14920	0.0
s l	0.01	88	8632	14920	0.0
k s	0.01	52	5468	8632	0.0
d r	0.01	61	6172	10914	0.0
m t	0.01	76	9818	10722	0.0
ɲ cː	0.01	7	2245	407	0.016
r x	0.01	48	10914	3940	0.0
l t	0.01	92	14920	10722	0.0
f t	0.01	47	4000	10722	0.0
ɲ s	0.01	30	2245	8632	0.0
kː l	0.01	31	1496	14920	0.0
l m	0.01	79	14920	9818	0.0
w t	0.01	52	5937	10722	0.0
ŋ l	0.01	34	1856	14920	0.0
l j	0.01	65	14920	6834	0.0
nt s	0.01	22	1408	8632	0.0
p fː	0.01	3	2364	96	0.25
l n	0.01	82	14920	11399	0.0
gː l	0.01	25	1077	14920	0.0
rː r	0.01	8	154	10914	0.008
l d	0.01	58	14920	6172	0.0
x n	0.01	40	3940	11399	0.0
k t	0.01	45	5468	10722	0.0
m l	0.01	71	9818	14920	0.0
j s	0.01	45	6834	8632	0.0
r nd	0.01	27	10914	2039	0.0
ŋː r	0.01	3	26	10914	0.25
n f	0.01	38	11399	4000	0.0
j m	0.01	46	6834	9818	0.0
j n	0.01	49	6834	11399	0.0
l s	0.01	63	14920	8632	0.0
q l	0.01	17	650	14920	0.0
t s	0.01	50	10722	8632	0.0
x k	0.01	24	3940	5468	0.0
pː p	0.01	7	787	2364	0.016
m n	0.0	53	9818	11399	0.0
g t	0.0	40	6050	10722	0.0
k r	0.0	38	5468	10914	0.0
fː r	0.0	5	96	10914	0.062
fː f	0.0	3	96	4000	0.25
s m	0.0	44	8632	9818	0.0
kː t	0.0	19	1496	10722	0.0
g s	0.0	34	6050	8632	0.0
nd r	0.0	22	2039	10914	0.0
mː k	0.0	7	445	5468	0.016
t j	0.0	38	10722	6834	0.0
mː b	0.0	7	445	5802	0.016
r p	0.0	22	10914	2364	0.0
m f	0.0	27	9818	4000	0.0
x p	0.0	13	3940	2364	0.0
w r	0.0	34	5937	10914	0.0
p s	0.0	19	2364	8632	0.0
ŋ g	0.0	14	1856	6050	0.0
m s	0.0	38	9818	8632	0.0
f k	0.0	19	4000	5468	0.0
jː j	0.0	4	147	6834	0.125
rː j	0.0	4	154	6834	0.125
n x	0.0	26	11399	3940	0.0
ɲ t	0.0	19	2245	10722	0.0
t k	0.0	29	10722	5468	0.0
w n	0.0	29	5937	11399	0.0
j nd	0.0	13	6834	2039	0.0
pː t	0.0	10	787	10722	0.002
nː d	0.0	7	676	6172	0.016
m k	0.0	25	9818	5468	0.0
ɟ t	0.0	23	4242	10722	0.0
s r	0.0	33	8632	10914	0.0
s q	0.0	8	8632	650	0.008
pː k	0.0	7	787	5468	0.016
r f	0.0	22	10914	4000	0.0
l w	0.0	31	14920	5937	0.0
f n	0.0	22	4000	11399	0.0
s b	0.0	23	8632	5802	0.0
bː l	0.0	8	409	14920	0.008
l f	0.0	25	14920	4000	0.0
j d	0.0	21	6834	6172	0.0
gː b	0.0	8	1077	5802	0.008
gː n	0.0	11	1077	11399	0.001
t w	0.0	25	10722	5937	0.0
s j	0.0	24	8632	6834	0.0
mː l	0.0	8	445	14920	0.008
m d	0.0	24	9818	6172	0.0
t n	0.0	34	10722	11399	0.0
s w	0.0	22	8632	5937	0.0
b t	0.0	24	5802	10722	0.0
ɲ ɟː	0.0	2	2245	196	0.5
w m	0.0	23	5937	9818	0.0
b d	0.0	18	5802	6172	0.0
x c	0.0	8	3940	1836	0.008
nː nː	0.0	2	676	676	0.5
gː s	0.0	9	1077	8632	0.004
n l	0.0	38	11399	14920	0.0
w f	0.0	14	5937	4000	0.0
l x	0.0	22	14920	3940	0.0
b s	0.0	20	5802	8632	0.0
j c	0.0	10	6834	1836	0.002
s n	0.0	28	8632	11399	0.0
x nd	0.0	8	3940	2039	0.008
w k	0.0	16	5937	5468	0.0
w s	0.0	20	5937	8632	0.0
sː p	0.0	3	498	2364	0.25
dː ŋ	0.0	3	635	1856	0.25
l g	0.0	26	14920	6050	0.0
tː k	0.0	6	890	5468	0.031
gː d	0.0	7	1077	6172	0.016
j sː	0.0	5	6834	498	0.062
kː n	0.0	11	1496	11399	0.001
q t	0.0	7	650	10722	0.016
g j	0.0	17	6050	6834	0.0
w d	0.0	16	5937	6172	0.0
xː ɟ	0.0	1	34	4242	1.0
r q	0.0	7	10914	650	0.016
lː j	0.0	7	1050	6834	0.016
ɴq l	0.0	3	89	14920	0.25
dː l	0.0	8	635	14920	0.008
ŋː b	0.0	1	26	5802	1.0
ɲc t	0.0	4	226	10722	0.125
ŋk mb	0.0	2	426	1429	0.5
nː l	0.0	8	676	14920	0.008
x j	0.0	13	3940	6834	0.0
kː s	0.0	9	1496	8632	0.004
ŋː d	0.0	1	26	6172	1.0
r w	0.0	20	10914	5937	0.0
gː k	0.0	6	1077	5468	0.031
j ɟ	0.0	13	6834	4242	0.0
nd k	0.0	8	2039	5468	0.008
pː nd	0.0	3	787	2039	0.25
m j	0.0	19	9818	6834	0.0
n w	0.0	19	11399	5937	0.0
pː s	0.0	6	787	8632	0.031
f j	0.0	12	4000	6834	0.0
ɲ l	0.0	13	2245	14920	0.0
tː r	0.0	7	890	10914	0.016
f m	0.0	14	4000	9818	0.0
d s	0.0	16	6172	8632	0.0
t b	0.0	17	10722	5802	0.0
n j	0.0	19	11399	6834	0.0
q k	0.0	4	650	5468	0.125
sː n	0.0	5	498	11399	0.062
kː k	0.0	6	1496	5468	0.031
ɟ k	0.0	10	4242	5468	0.002
dː d	0.0	4	635	6172	0.125
f d	0.0	10	4000	6172	0.002
cː k	0.0	3	407	5468	0.25
sː sː	0.0	1	498	498	1.0
ɟː n	0.0	3	196	11399	0.25
bː k	0.0	3	409	5468	0.25
ŋ r	0.0	9	1856	10914	0.004
ɲ n	0.0	10	2245	11399	0.002
b n	0.0	16	5802	11399	0.0
n ŋ	0.0	9	11399	1856	0.004
g m	0.0	15	6050	9818	0.0
m r	0.0	20	9818	10914	0.0
sː s	0.0	4	498	8632	0.125
l q	0.0	6	14920	650	0.031
p n	0.0	10	2364	11399	0.002
p c	0.0	4	2364	1836	0.125
r ɟ	0.0	13	10914	4242	0.0
nd s	0.0	8	2039	8632	0.008
m c	0.0	8	9818	1836	0.008
n tː	0.0	6	11399	890	0.031
ɲː l	0.0	3	171	14920	0.25
f s	0.0	11	4000	8632	0.001
wː f	0.0	1	74	4000	1.0
mː t	0.0	4	445	10722	0.125
c q	0.0	2	1836	650	0.5
r ɲ	0.0	9	10914	2245	0.004
ɲc k	0.0	2	226	5468	0.5
n m	0.0	19	11399	9818	0.0
d c	0.0	6	6172	1836	0.031
ŋ s	0.0	7	1856	8632	0.016
j p	0.0	7	6834	2364	0.016
n sː	0.0	4	11399	498	0.125
fː l	0.0	2	96	14920	0.5
k l	0.0	15	5468	14920	0.0
l ɟ	0.0	13	14920	4242	0.0
nd l	0.0	9	2039	14920	0.004
cː l	0.0	4	407	14920	0.125
dː k	0.0	3	635	5468	0.25
ɲc j	0.0	2	226	6834	0.5
m x	0.0	10	9818	3940	0.002
x m	0.0	10	3940	9818	0.002
j mb	0.0	5	6834	1429	0.062
n b	0.0	13	11399	5802	0.0
bː s	0.0	3	409	8632	0.25
ŋk l	0.0	4	426	14920	0.125
k wː	0.0	1	5468	74	1.0
q dː	0.0	1	650	635	1.0
l c	0.0	8	14920	1836	0.008
j r	0.0	13	6834	10914	0.0
m bː	0.0	3	9818	409	0.25
gː t	0.0	5	1077	10722	0.062
ɟ f	0.0	6	4242	4000	0.031
lː n	0.0	5	1050	11399	0.062
nː n	0.0	4	676	11399	0.125
j b	0.0	9	6834	5802	0.004
cː r	0.0	3	407	10914	0.25
k b	0.0	8	5468	5802	0.008
l xː	0.0	1	14920	34	1.0
ɟ l	0.0	11	4242	14920	0.001
pː r	0.0	4	787	10914	0.125
ɴq g	0.0	1	89	6050	1.0
r ŋ	0.0	6	10914	1856	0.031
jː x	0.0	1	147	3940	1.0
sː t	0.0	3	498	10722	0.25
j ɴq	0.0	1	6834	89	1.0
mb t	0.0	5	1429	10722	0.062
k n	0.0	10	5468	11399	0.002
x q	0.0	2	3940	650	0.5
w x	0.0	6	5937	3940	0.031
d j	0.0	8	6172	6834	0.008
b c	0.0	4	5802	1836	0.125
w c	0.0	4	5937	1836	0.125
ɟ b	0.0	6	4242	5802	0.031
x s	0.0	7	3940	8632	0.016
kː ŋ	0.0	2	1496	1856	0.5
t p	0.0	6	10722	2364	0.031
m ŋ	0.0	5	9818	1856	0.062
sː w	0.0	2	498	5937	0.5
g d	0.0	7	6050	6172	0.016
ɲ k	0.0	4	2245	5468	0.125
qː t	0.0	1	72	10722	1.0
ŋk c	0.0	1	426	1836	1.0
c j	0.0	4	1836	6834	0.125
t c	0.0	5	10722	1836	0.062
t wː	0.0	1	10722	74	1.0
ŋ t	0.0	5	1856	10722	0.062
jː k	0.0	1	147	5468	1.0
j w	0.0	7	6834	5937	0.016
s d	0.0	8	8632	6172	0.008
rː k	0.0	1	154	5468	1.0
ŋ c	0.0	2	1856	1836	0.5
nt k	0.0	3	1408	5468	0.25
t m	0.0	11	10722	9818	0.001
x r	0.0	7	3940	10914	0.016
cː s	0.0	2	407	8632	0.5
m ɲ	0.0	5	9818	2245	0.062
b rː	0.0	1	5802	154	1.0
rː b	0.0	1	154	5802	1.0
k w	0.0	6	5468	5937	0.031
p d	0.0	4	2364	6172	0.125
g k	0.0	6	6050	5468	0.031
m g	0.0	8	9818	6050	0.008
f b	0.0	5	4000	5802	0.062
d m	0.0	8	6172	9818	0.008
w b	0.0	6	5937	5802	0.031
s f	0.0	6	8632	4000	0.031
dː g	0.0	2	635	6050	0.5
nd ɟ	0.0	3	2039	4242	0.25
g b	0.0	6	6050	5802	0.031
lː l	0.0	4	1050	14920	0.125
l p	0.0	6	14920	2364	0.031
c s	0.0	4	1836	8632	0.125
pː n	0.0	3	787	11399	0.25
q d	0.0	2	650	6172	0.5
nː w	0.0	2	676	5937	0.5
lː s	0.0	3	1050	8632	0.25
p j	0.0	4	2364	6834	0.125
n ɴq	0.0	1	11399	89	1.0
kː r	0.0	4	1496	10914	0.125
d g	0.0	6	6172	6050	0.031
k j	0.0	6	5468	6834	0.031
c p	0.0	2	1836	2364	0.5
cː t	0.0	2	407	10722	0.5
bː t	0.0	2	409	10722	0.5
b j	0.0	6	5802	6834	0.031
lː lː	0.0	1	1050	1050	1.0
l ŋ	0.0	5	14920	1856	0.062
bː r	0.0	2	409	10914	0.5
c m	0.0	4	1836	9818	0.125
w j	0.0	6	5937	6834	0.031
c dː	0.0	1	1836	635	1.0
t f	0.0	6	10722	4000	0.031
q ŋ	0.0	1	650	1856	1.0
d ɟː	0.0	1	6172	196	1.0
sː m	0.0	2	498	9818	0.5
ŋ w	0.0	3	1856	5937	0.25
nː ŋ	0.0	1	676	1856	1.0
c d	0.0	3	1836	6172	0.25
q nd	0.0	1	650	2039	1.0
t d	0.0	7	10722	6172	0.016
k f	0.0	4	5468	4000	0.125
q s	0.0	2	650	8632	0.5
l fː	0.0	1	14920	96	1.0
pː c	0.0	1	787	1836	1.0
ɲ b	0.0	3	2245	5802	0.25
s g	0.0	6	8632	6050	0.031
s ɟ	0.0	5	8632	4242	0.062
k m	0.0	6	5468	9818	0.031
p dː	0.0	1	2364	635	1.0
g ɲ	0.0	3	6050	2245	0.25
ɲɟ ɲ	0.0	1	680	2245	1.0
n r	0.0	9	11399	10914	0.004
j ɲc	0.0	1	6834	226	1.0
nd j	0.0	3	2039	6834	0.25
lː w	0.0	2	1050	5937	0.5
m q	0.0	2	9818	650	0.5
r jː	0.0	1	10914	147	1.0
d p	0.0	3	6172	2364	0.25
cː f	0.0	1	407	4000	1.0
rː t	0.0	1	154	10722	1.0
m ɟ	0.0	5	9818	4242	0.062
ŋk f	0.0	1	426	4000	1.0
dː r	0.0	2	635	10914	0.5
r mb	0.0	3	10914	1429	0.25
rː n	0.0	1	154	11399	1.0
s ŋ	0.0	3	8632	1856	0.25
c x	0.0	2	1836	3940	0.5
dː n	0.0	2	635	11399	0.5
mb n	0.0	3	1429	11399	0.25
nː t	0.0	2	676	10722	0.5
t ɟ	0.0	5	10722	4242	0.062
ŋ x	0.0	2	1856	3940	0.5
x ŋ	0.0	2	3940	1856	0.5
gː j	0.0	2	1077	6834	0.5
q n	0.0	2	650	11399	0.5
sː l	0.0	2	498	14920	0.5
m ɟː	0.0	1	9818	196	1.0
lː ŋ	0.0	1	1050	1856	1.0
ɲː n	0.0	1	171	11399	1.0
ɟ ŋ	0.0	2	4242	1856	0.5
gː c	0.0	1	1077	1836	1.0
b k	0.0	4	5802	5468	0.125
nd x	0.0	2	2039	3940	0.5
nt b	0.0	2	1408	5802	0.5
k g	0.0	4	5468	6050	0.125
ɟː t	0.0	1	196	10722	1.0
d k	0.0	4	6172	5468	0.125
k d	0.0	4	5468	6172	0.125
r ɟː	0.0	1	10914	196	1.0
ɲc m	0.0	1	226	9818	1.0
nd m	0.0	3	2039	9818	0.25
kː kː	0.0	1	1496	1496	1.0
ɲ f	0.0	2	2245	4000	0.5
f ɲ	0.0	2	4000	2245	0.5
d w	0.0	4	6172	5937	0.125
m w	0.0	5	9818	5937	0.062
k x	0.0	3	5468	3940	0.25
nt j	0.0	2	1408	6834	0.5
ɲc r	0.0	1	226	10914	1.0
ɟ p	0.0	2	4242	2364	0.5
lː m	0.0	2	1050	9818	0.5
g ŋk	0.0	1	6050	426	1.0
q f	0.0	1	650	4000	1.0
ŋ mb	0.0	1	1856	1429	1.0
c b	0.0	2	1836	5802	0.5
x ɲɟ	0.0	1	3940	680	1.0
sː k	0.0	1	498	5468	1.0
b ɟ	0.0	3	5802	4242	0.25
d f	0.0	3	6172	4000	0.25
bː j	0.0	1	409	6834	1.0
lː t	0.0	2	1050	10722	0.5
sː b	0.0	1	498	5802	1.0
ɟ d	0.0	3	4242	6172	0.25
nd mb	0.0	1	2039	1429	1.0
nd b	0.0	2	2039	5802	0.5
j x	0.0	3	6834	3940	0.25
mː j	0.0	1	445	6834	1.0
kː nd	0.0	1	1496	2039	1.0
d nd	0.0	2	6172	2039	0.5
j ŋ	0.0	2	6834	1856	0.5
l ɲc	0.0	1	14920	226	1.0
ɲc l	0.0	1	226	14920	1.0
ɲ g	0.0	2	2245	6050	0.5
p b	0.0	2	2364	5802	0.5
d l	0.0	5	6172	14920	0.062
dː w	0.0	1	635	5937	1.0
b q	0.0	1	5802	650	1.0
nd ŋ	0.0	1	2039	1856	1.0
mː s	0.0	1	445	8632	1.0
g q	0.0	1	6050	650	1.0
g nː	0.0	1	6050	676	1.0
ɲ ŋ	0.0	1	2245	1856	1.0
ɟ x	0.0	2	4242	3940	0.5
x ɟ	0.0	2	3940	4242	0.5
dː j	0.0	1	635	6834	1.0
d n	0.0	4	6172	11399	0.125
q j	0.0	1	650	6834	1.0
j q	0.0	1	6834	650	1.0
pː b	0.0	1	787	5802	1.0
b pː	0.0	1	5802	787	1.0
gː ɟ	0.0	1	1077	4242	1.0
nː j	0.0	1	676	6834	1.0
cː n	0.0	1	407	11399	1.0
bː n	0.0	1	409	11399	1.0
t x	0.0	3	10722	3940	0.25
n ŋk	0.0	1	11399	426	1.0
tː b	0.0	1	890	5802	1.0
l nt	0.0	2	14920	1408	0.5
nt l	0.0	2	1408	14920	0.5
tː w	0.0	1	890	5937	1.0
ŋ n	0.0	2	1856	11399	0.5
pː j	0.0	1	787	6834	1.0
tː g	0.0	1	890	6050	1.0
r sː	0.0	1	10914	498	1.0
x mb	0.0	1	3940	1429	1.0
p m	0.0	2	2364	9818	0.5
nd n	0.0	2	2039	11399	0.5
k gː	0.0	1	5468	1077	1.0
f g	0.0	2	4000	6050	0.5
tː j	0.0	1	890	6834	1.0
ɟ w	0.0	2	4242	5937	0.5
w ɟ	0.0	2	5937	4242	0.5
q m	0.0	1	650	9818	1.0
gː g	0.0	1	1077	6050	1.0
nː m	0.0	1	676	9818	1.0
d gː	0.0	1	6172	1077	1.0
n p	0.0	2	11399	2364	0.5
s pː	0.0	1	8632	787	1.0
t q	0.0	1	10722	650	1.0
q r	0.0	1	650	10914	1.0
j lː	0.0	1	6834	1050	1.0
n dː	0.0	1	11399	635	1.0
c f	0.0	1	1836	4000	1.0
ŋ f	0.0	1	1856	4000	1.0
f ŋ	0.0	1	4000	1856	1.0
tː s	0.0	1	890	8632	1.0
pː m	0.0	1	787	9818	1.0
m pː	0.0	1	9818	787	1.0
n ɲɟ	0.0	1	11399	680	1.0
ɲɟ n	0.0	1	680	11399	1.0
c ɟ	0.0	1	1836	4242	1.0
ɟ c	0.0	1	4242	1836	1.0
mb k	0.0	1	1429	5468	1.0
ŋ ɟ	0.0	1	1856	4242	1.0
w nt	0.0	1	5937	1408	1.0
b w	0.0	2	5802	5937	0.5
kː b	0.0	1	1496	5802	1.0
nt d	0.0	1	1408	6172	1.0
tː m	0.0	1	890	9818	1.0
d b	0.0	2	6172	5802	0.5
w g	0.0	2	5937	6050	0.5
kː d	0.0	1	1496	6172	1.0
p x	0.0	1	2364	3940	1.0
f p	0.0	1	4000	2364	1.0
ɲ ɟ	0.0	1	2245	4242	1.0
r tː	0.0	1	10914	890	1.0
mb j	0.0	1	1429	6834	1.0
p ɟ	0.0	1	2364	4242	1.0
tː n	0.0	1	890	11399	1.0
l r	0.0	4	14920	10914	0.125
kː j	0.0	1	1496	6834	1.0
j g	0.0	2	6834	6050	0.5
ɟ m	0.0	2	4242	9818	0.5
ŋ b	0.0	1	1856	5802	1.0
c g	0.0	1	1836	6050	1.0
ŋ d	0.0	1	1856	6172	1.0
ɟ r	0.0	2	4242	10914	0.5
mb s	0.0	1	1429	8632	1.0
nd g	0.0	1	2039	6050	1.0
p k	0.0	1	2364	5468	1.0
b p	0.0	1	5802	2364	1.0
ɲ d	0.0	1	2245	6172	1.0
p w	0.0	1	2364	5937	1.0
p g	0.0	1	2364	6050	1.0
g p	0.0	1	6050	2364	1.0
j ɲ	0.0	1	6834	2245	1.0
f x	0.0	1	4000	3940	1.0
x f	0.0	1	3940	4000	1.0
nt n	0.0	1	1408	11399	1.0
t g	0.0	2	10722	6050	0.5
f ɟ	0.0	1	4000	4242	1.0
m nd	0.0	1	9818	2039	1.0
l mb	0.0	1	14920	1429	1.0
l kː	0.0	1	14920	1496	1.0
k ɟ	0.0	1	5468	4242	1.0
b f	0.0	1	5802	4000	1.0
x w	0.0	1	3940	5937	1.0
t ɲ	0.0	1	10722	2245	1.0
g f	0.0	1	6050	4000	1.0
d x	0.0	1	6172	3940	1.0
x d	0.0	1	3940	6172	1.0
n ɲ	0.0	1	11399	2245	1.0
j f	0.0	1	6834	4000	1.0
ɟ j	0.0	1	4242	6834	1.0
l nd	0.0	1	14920	2039	1.0
b g	0.0	1	5802	6050	1.0
g w	0.0	1	6050	5937	1.0
ɟ s	0.0	1	4242	8632	1.0
ɟ n	0.0	1	4242	11399	1.0
b m	0.0	1	5802	9818	1.0
