ngram	insep	N(C1C2)	N(C1)	N(C2)	p(C1C2)
ŋ ɡ	0.49	579	773	1301	0.0
n d	0.2	352	987	947	0.0
ɓ ee	0.18	62	208	149	0.0
k E	0.16	619	1478	2364	0.0
m b	0.1	246	1012	878	0.0
t E	0.09	348	809	2364	0.0
n ɟ	0.09	176	987	505	0.0
ɡ E	0.07	388	1301	2364	0.0
E r	0.06	340	2364	1230	0.0
s E	0.06	226	578	2364	0.0
an j	0.05	50	126	638	0.0
j aan	0.04	46	638	125	0.0
ɡ a	0.04	269	1301	2206	0.0
d E	0.03	226	947	2364	0.0
u m	0.03	134	796	1012	0.0
ɡ o	0.03	153	1301	821	0.0
d O	0.03	93	947	420	0.0
b a	0.03	198	878	2206	0.0
e r	0.03	134	722	1230	0.0
k a	0.03	245	1478	2206	0.0
k u	0.03	147	1478	796	0.0
m a	0.03	201	1012	2206	0.0
a n	0.03	195	2206	987	0.0
a l	0.03	177	2206	832	0.0
d a	0.03	188	947	2206	0.0
ɡ e	0.02	125	1301	722	0.0
a ŋ	0.02	168	2206	773	0.0
u r	0.02	125	796	1230	0.0
l a	0.02	171	832	2206	0.0
ɟ E	0.02	137	505	2364	0.0
a r	0.02	195	2206	1230	0.0
b u	0.02	98	878	796	0.0
ɟ a	0.02	123	505	2206	0.0
E l	0.02	163	2364	832	0.0
E m	0.02	179	2364	1012	0.0
ɟ i	0.02	76	505	855	0.0
e l	0.02	89	722	832	0.0
un j	0.02	15	27	638	0.0
b i	0.02	98	878	855	0.0
u l	0.02	91	796	832	0.0
i j	0.02	82	855	638	0.0
b e	0.02	88	878	722	0.0
a m	0.02	164	2206	1012	0.0
d ii	0.02	31	947	86	0.0
b aa	0.02	44	878	188	0.0
i r	0.02	111	855	1230	0.0
e t	0.02	82	722	809	0.0
r i	0.02	110	1230	855	0.0
i ŋ	0.02	87	855	773	0.0
o r	0.02	105	821	1230	0.0
o j	0.02	75	821	638	0.0
t a	0.02	138	809	2206	0.0
b E	0.01	141	878	2364	0.0
w a	0.01	82	319	2206	0.0
k O	0.01	77	1478	420	0.0
l oo	0.01	44	832	249	0.0
r o	0.01	95	1230	821	0.0
d i	0.01	85	947	855	0.0
s a	0.01	106	578	2206	0.0
k o	0.01	100	1478	821	0.0
ɡ u	0.01	92	1301	796	0.0
p a	0.01	68	264	2206	0.0
a t	0.01	119	2206	809	0.0
p E	0.01	70	264	2364	0.0
a j	0.01	105	2206	638	0.0
a s	0.01	99	2206	578	0.0
O r	0.01	63	420	1230	0.0
ɡ i	0.01	91	1301	855	0.0
j an	0.01	24	638	126	0.0
u w	0.01	42	796	319	0.0
o n	0.01	75	821	987	0.0
O l	0.01	49	420	832	0.0
j oo	0.01	33	638	249	0.0
h o	0.01	25	114	821	0.0
k OO	0.01	33	1478	115	0.0
d ee	0.01	30	947	149	0.0
s i	0.01	56	578	855	0.0
b oo	0.01	37	878	249	0.0
ɡ O	0.01	57	1301	420	0.0
s uu	0.01	15	578	66	0.0
i n	0.01	70	855	987	0.0
d u	0.01	66	947	796	0.0
i l	0.01	64	855	832	0.0
s e	0.01	49	578	722	0.0
t aa	0.01	29	809	188	0.0
b o	0.01	63	878	821	0.0
b O	0.01	45	878	420	0.0
w u	0.01	37	319	796	0.0
u n	0.01	65	796	987	0.0
t e	0.01	56	809	722	0.0
j e	0.01	49	638	722	0.0
r a	0.01	118	1230	2206	0.0
E n	0.01	109	2364	987	0.0
a ɡ	0.01	120	2206	1301	0.0
a w	0.01	59	2206	319	0.0
o t	0.01	57	821	809	0.0
on j	0.01	10	34	638	0.002
r in	0.01	10	1230	18	0.002
ɗ o	0.01	21	120	821	0.0
h an	0.01	8	114	126	0.008
d OO	0.01	22	947	115	0.0
o ŋ	0.01	53	821	773	0.0
O ɡ	0.01	49	420	1301	0.0
ɟ u	0.01	42	505	796	0.0
u t	0.01	53	796	809	0.0
k oo	0.01	40	1478	249	0.0
l e	0.01	51	832	722	0.0
n on	0.01	12	987	34	0.0
d e	0.01	54	947	722	0.0
ɟ o	0.01	42	505	821	0.0
a d	0.01	94	2206	947	0.0
ɓ a	0.01	44	208	2206	0.0
i s	0.01	45	855	578	0.0
t u	0.01	51	809	796	0.0
d o	0.01	56	947	821	0.0
ɓ o	0.01	26	208	821	0.0
l i	0.01	52	832	855	0.0
E ŋ	0.01	83	2364	773	0.0
t i	0.01	51	809	855	0.0
a ɟ	0.01	64	2206	505	0.0
s u	0.01	41	578	796	0.0
h u	0.01	18	114	796	0.0
a b	0.01	83	2206	878	0.0
j a	0.01	70	638	2206	0.0
a k	0.01	106	2206	1478	0.0
E t	0.01	81	2364	809	0.0
ɗ u	0.01	18	120	796	0.0
k i	0.0	65	1478	855	0.0
d aa	0.0	24	947	188	0.0
l o	0.0	47	832	821	0.0
j oon	0.0	13	638	83	0.0
n a	0.0	83	987	2206	0.0
O k	0.0	44	420	1478	0.0
u s	0.0	37	796	578	0.0
O j	0.0	28	420	638	0.0
h un	0.0	3	114	27	0.25
p o	0.0	25	264	821	0.0
m u	0.0	48	1012	796	0.0
r an	0.0	21	1230	126	0.0
e n	0.0	45	722	987	0.0
m an	0.0	19	1012	126	0.0
i t	0.0	44	855	809	0.0
t o	0.0	43	809	821	0.0
E b	0.0	75	2364	878	0.0
o l	0.0	43	821	832	0.0
O t	0.0	30	420	809	0.0
E k	0.0	96	2364	1478	0.0
n aan	0.0	18	987	125	0.0
ɗ OO	0.0	6	120	115	0.031
r e	0.0	48	1230	722	0.0
ɟ oo	0.0	18	505	249	0.0
u j	0.0	36	796	638	0.0
k e	0.0	52	1478	722	0.0
h O	0.0	11	114	420	0.001
d oon	0.0	14	947	83	0.0
p aa	0.0	11	264	188	0.001
k aa	0.0	26	1478	188	0.0
k oon	0.0	17	1478	83	0.0
o m	0.0	44	821	1012	0.0
t O	0.0	28	809	420	0.0
e k	0.0	49	722	1478	0.0
ɗ i	0.0	15	120	855	0.0
ɗ aa	0.0	7	120	188	0.016
o s	0.0	32	821	578	0.0
i k	0.0	52	855	1478	0.0
t OO	0.0	14	809	115	0.0
ɗ ee	0.0	6	120	149	0.031
ɟ e	0.0	27	505	722	0.0
i d	0.0	40	855	947	0.0
ɓ u	0.0	18	208	796	0.0
ɗ e	0.0	13	120	722	0.0
h in	0.0	2	114	18	0.5
un r	0.0	8	27	1230	0.008
h a	0.0	22	114	2206	0.0
O w	0.0	16	420	319	0.0
p e	0.0	19	264	722	0.0
j i	0.0	32	638	855	0.0
d oo	0.0	21	947	249	0.0
a p	0.0	33	2206	264	0.0
E ɗ	0.0	23	2364	120	0.0
r E	0.0	72	1230	2364	0.0
p i	0.0	20	264	855	0.0
O n	0.0	27	420	987	0.0
aan k	0.0	18	125	1478	0.0
o k	0.0	46	821	1478	0.0
p u	0.0	19	264	796	0.0
oo k	0.0	25	249	1478	0.0
w o	0.0	21	319	821	0.0
u b	0.0	34	796	878	0.0
ɓ O	0.0	12	208	420	0.0
u ɡ	0.0	41	796	1301	0.0
u ŋ	0.0	31	796	773	0.0
b iin	0.0	8	878	48	0.008
e ŋ	0.0	29	722	773	0.0
ɡ OO	0.0	15	1301	115	0.0
o ɡ	0.0	40	821	1301	0.0
r k	0.0	52	1230	1478	0.0
E ɓ	0.0	27	2364	208	0.0
j un	0.0	5	638	27	0.062
k iin	0.0	10	1478	48	0.002
n i	0.0	34	987	855	0.0
E s	0.0	43	2364	578	0.0
i w	0.0	19	855	319	0.0
ee k	0.0	17	149	1478	0.0
ɓ e	0.0	14	208	722	0.0
m uun	0.0	5	1012	19	0.062
d uu	0.0	9	947	66	0.004
e w	0.0	17	722	319	0.0
r u	0.0	35	1230	796	0.0
o w	0.0	18	821	319	0.0
ɓ oo	0.0	8	208	249	0.008
s o	0.0	24	578	821	0.0
u ɟ	0.0	22	796	505	0.0
h uu	0.0	3	114	66	0.25
u k	0.0	37	796	1478	0.0
e m	0.0	29	722	1012	0.0
r ii	0.0	11	1230	86	0.001
m k	0.0	41	1012	1478	0.0
ɗ a	0.0	17	120	2206	0.0
an r	0.0	13	126	1230	0.0
d iin	0.0	7	947	48	0.016
O ɟ	0.0	15	420	505	0.0
O s	0.0	16	420	578	0.0
m en	0.0	4	1012	15	0.125
ɡ aan	0.0	13	1301	125	0.0
E d	0.0	48	2364	947	0.0
h i	0.0	10	114	855	0.002
k uu	0.0	10	1478	66	0.002
m o	0.0	29	1012	821	0.0
p en	0.0	2	264	15	0.5
O d	0.0	20	420	947	0.0
m e	0.0	27	1012	722	0.0
b een	0.0	6	878	42	0.031
o ɟ	0.0	20	821	505	0.0
j u	0.0	22	638	796	0.0
ɓ i	0.0	13	208	855	0.0
ɟ uun	0.0	3	505	19	0.25
t iin	0.0	6	809	48	0.031
ɟ O	0.0	14	505	420	0.0
t ii	0.0	8	809	86	0.008
p uu	0.0	4	264	66	0.125
m un	0.0	5	1012	27	0.062
d een	0.0	6	947	42	0.031
o p	0.0	14	821	264	0.0
e ɡ	0.0	29	722	1301	0.0
n e	0.0	25	987	722	0.0
E p	0.0	23	2364	264	0.0
b ii	0.0	8	878	86	0.008
m een	0.0	6	1012	42	0.031
d aan	0.0	10	947	125	0.002
j o	0.0	21	638	821	0.0
ɗ oo	0.0	5	120	249	0.062
m s	0.0	22	1012	578	0.0
j in	0.0	3	638	18	0.25
e s	0.0	18	722	578	0.0
l aa	0.0	11	832	188	0.001
k an	0.0	12	1478	126	0.0
r m	0.0	31	1230	1012	0.0
r ɡ	0.0	35	1230	1301	0.0
p aan	0.0	5	264	125	0.062
E ɟ	0.0	30	2364	505	0.0
s oon	0.0	6	578	83	0.031
en t	0.0	3	15	809	0.25
h iin	0.0	2	114	48	0.5
l u	0.0	22	832	796	0.0
oo t	0.0	12	249	809	0.0
aa k	0.0	14	188	1478	0.0
i ɡ	0.0	28	855	1301	0.0
s O	0.0	13	578	420	0.0
l E	0.0	37	832	2364	0.0
u p	0.0	12	796	264	0.0
b oon	0.0	7	878	83	0.016
i m	0.0	24	855	1012	0.0
ɟ un	0.0	3	505	27	0.25
u d	0.0	22	796	947	0.0
i p	0.0	12	855	264	0.0
a ɓ	0.0	17	2206	208	0.0
E ɡ	0.0	44	2364	1301	0.0
b uu	0.0	6	878	66	0.031
e ɟ	0.0	15	722	505	0.0
t oo	0.0	11	809	249	0.001
w aa	0.0	6	319	188	0.031
n oon	0.0	7	987	83	0.016
on r	0.0	5	34	1230	0.062
i ɟ	0.0	16	855	505	0.0
OO k	0.0	10	115	1478	0.002
e d	0.0	20	722	947	0.0
w E	0.0	21	319	2364	0.0
E w	0.0	21	2364	319	0.0
s iin	0.0	4	578	48	0.125
r b	0.0	24	1230	878	0.0
w i	0.0	12	319	855	0.0
e p	0.0	10	722	264	0.002
l ee	0.0	8	832	149	0.008
n an	0.0	8	987	126	0.008
o d	0.0	20	821	947	0.0
l ii	0.0	6	832	86	0.031
s ii	0.0	5	578	86	0.062
r w	0.0	14	1230	319	0.0
s aan	0.0	6	578	125	0.031
on k	0.0	5	34	1478	0.062
r en	0.0	3	1230	15	0.25
b OO	0.0	7	878	115	0.016
aan t	0.0	7	125	809	0.016
l O	0.0	13	832	420	0.0
oo ɓ	0.0	5	249	208	0.062
oo m	0.0	11	249	1012	0.001
ɟ uu	0.0	4	505	66	0.125
n uun	0.0	3	987	19	0.25
m on	0.0	4	1012	34	0.125
m O	0.0	14	1012	420	0.0
l uu	0.0	5	832	66	0.062
m E	0.0	33	1012	2364	0.0
w e	0.0	10	319	722	0.002
OO ɟ	0.0	5	115	505	0.062
oo d	0.0	10	249	947	0.002
p oon	0.0	3	264	83	0.25
j aa	0.0	7	638	188	0.016
p ii	0.0	3	264	86	0.25
m t	0.0	18	1012	809	0.0
l b	0.0	17	832	878	0.0
n k	0.0	24	987	1478	0.0
aan ɡ	0.0	8	125	1301	0.008
n een	0.0	4	987	42	0.125
i b	0.0	17	855	878	0.0
l m	0.0	18	832	1012	0.0
r on	0.0	4	1230	34	0.125
s OO	0.0	5	578	115	0.062
oo ɡ	0.0	11	249	1301	0.001
l ɓ	0.0	8	832	208	0.008
e j	0.0	13	722	638	0.0
ɡ uun	0.0	3	1301	19	0.25
ɡ on	0.0	4	1301	34	0.125
p een	0.0	2	264	42	0.5
t an	0.0	6	809	126	0.031
iin k	0.0	5	48	1478	0.062
j een	0.0	3	638	42	0.25
m i	0.0	17	1012	855	0.0
ɡ oon	0.0	6	1301	83	0.031
ee ɟ	0.0	5	149	505	0.062
E j	0.0	22	2364	638	0.0
ɗ O	0.0	4	120	420	0.125
r ɓ	0.0	9	1230	208	0.004
ɗ un	0.0	1	120	27	1.0
ɡ an	0.0	7	1301	126	0.016
l k	0.0	19	832	1478	0.0
aan n	0.0	6	125	987	0.031
OO ɗ	0.0	2	115	120	0.5
e ɗ	0.0	5	722	120	0.062
h aan	0.0	2	114	125	0.5
aan h	0.0	2	125	114	0.5
ee b	0.0	6	149	878	0.031
r un	0.0	3	1230	27	0.25
n en	0.0	2	987	15	0.5
w O	0.0	6	319	420	0.031
r ee	0.0	7	1230	149	0.016
t een	0.0	3	809	42	0.25
aa n	0.0	7	188	987	0.016
j ee	0.0	5	638	149	0.062
oo n	0.0	8	249	987	0.008
k een	0.0	4	1478	42	0.125
aa m	0.0	7	188	1012	0.016
m n	0.0	16	1012	987	0.0
ɡ un	0.0	3	1301	27	0.25
OO r	0.0	6	115	1230	0.031
ee ɡ	0.0	7	149	1301	0.016
ɟ an	0.0	4	505	126	0.125
ɡ oo	0.0	9	1301	249	0.004
n E	0.0	24	987	2364	0.0
n o	0.0	14	987	821	0.0
aa t	0.0	6	188	809	0.031
O m	0.0	10	420	1012	0.002
d in	0.0	2	947	18	0.5
o b	0.0	13	821	878	0.0
ɓ aa	0.0	3	208	188	0.25
b aan	0.0	5	878	125	0.062
oo j	0.0	6	249	638	0.031
een d	0.0	3	42	947	0.25
b an	0.0	5	878	126	0.062
O p	0.0	5	420	264	0.062
ɓ ii	0.0	2	208	86	0.5
j m	0.0	12	638	1012	0.0
n h	0.0	5	987	114	0.062
OO n	0.0	5	115	987	0.062
O b	0.0	9	420	878	0.004
aa b	0.0	6	188	878	0.031
en r	0.0	2	15	1230	0.5
OO m	0.0	5	115	1012	0.062
l d	0.0	13	832	947	0.0
n t	0.0	13	987	809	0.0
aa j	0.0	5	188	638	0.062
aa d	0.0	6	188	947	0.031
w oo	0.0	4	319	249	0.125
p uun	0.0	1	264	19	1.0
r p	0.0	8	1230	264	0.008
oon n	0.0	4	83	987	0.125
w s	0.0	6	319	578	0.031
n b	0.0	13	987	878	0.0
a h	0.0	7	2206	114	0.016
j t	0.0	10	638	809	0.002
r O	0.0	10	1230	420	0.002
m oon	0.0	4	1012	83	0.125
w ee	0.0	3	319	149	0.25
uu ɡ	0.0	4	66	1301	0.125
m iin	0.0	3	1012	48	0.25
j on	0.0	2	638	34	0.5
j O	0.0	7	638	420	0.016
iin h	0.0	1	48	114	1.0
oon p	0.0	2	83	264	0.5
k on	0.0	3	1478	34	0.25
ee d	0.0	5	149	947	0.062
ii p	0.0	2	86	264	0.5
s oo	0.0	5	578	249	0.062
j ɡ	0.0	12	638	1301	0.0
aa ŋ	0.0	5	188	773	0.062
uu t	0.0	3	66	809	0.25
ɓ OO	0.0	2	208	115	0.5
e ɓ	0.0	5	722	208	0.062
een s	0.0	2	42	578	0.5
i h	0.0	4	855	114	0.125
uu l	0.0	3	66	832	0.25
OO b	0.0	4	115	878	0.125
t aan	0.0	4	809	125	0.125
r ŋ	0.0	12	1230	773	0.0
O ŋ	0.0	7	420	773	0.016
aa ɡ	0.0	6	188	1301	0.031
OO d	0.0	4	115	947	0.125
w ii	0.0	2	319	86	0.5
ɡ ii	0.0	4	1301	86	0.125
ɟ aan	0.0	3	505	125	0.25
l on	0.0	2	832	34	0.5
on ɓ	0.0	1	34	208	1.0
ee ŋ	0.0	4	149	773	0.125
p oo	0.0	3	264	249	0.25
an k	0.0	5	126	1478	0.062
t oon	0.0	3	809	83	0.25
oon k	0.0	4	83	1478	0.125
ee ɓ	0.0	2	149	208	0.5
ɡ ee	0.0	5	1301	149	0.062
n u	0.0	10	987	796	0.002
m aan	0.0	4	1012	125	0.125
ɗ uu	0.0	1	120	66	1.0
b ee	0.0	4	878	149	0.125
p an	0.0	2	264	126	0.5
r n	0.0	12	1230	987	0.0
s en	0.0	1	578	15	1.0
r s	0.0	9	1230	578	0.004
k ee	0.0	5	1478	149	0.062
r OO	0.0	4	1230	115	0.125
j E	0.0	13	638	2364	0.0
oo s	0.0	4	249	578	0.125
h e	0.0	3	114	722	0.25
ee n	0.0	4	149	987	0.125
s ee	0.0	3	578	149	0.25
j en	0.0	1	638	15	1.0
en j	0.0	1	15	638	1.0
r ɟ	0.0	8	1230	505	0.008
iin t	0.0	2	48	809	0.5
aa ɓ	0.0	2	188	208	0.5
ɡ aa	0.0	5	1301	188	0.062
p ee	0.0	2	264	149	0.5
w aan	0.0	2	319	125	0.5
un k	0.0	2	27	1478	0.5
w an	0.0	2	319	126	0.5
ɗ ii	0.0	1	120	86	1.0
in s	0.0	1	18	578	1.0
ɟ aa	0.0	3	505	188	0.25
aa ɟ	0.0	3	188	505	0.25
uu k	0.0	3	66	1478	0.25
an t	0.0	3	126	809	0.25
ɗ E	0.0	5	120	2364	0.062
iin d	0.0	2	48	947	0.5
in j	0.0	1	18	638	1.0
iin n	0.0	2	48	987	0.5
oo ŋ	0.0	4	249	773	0.125
s aa	0.0	3	578	188	0.25
OO O	0.0	2	115	420	0.5
uun j	0.0	1	19	638	1.0
t en	0.0	1	809	15	1.0
r j	0.0	8	1230	638	0.008
r t	0.0	9	1230	809	0.004
j d	0.0	7	638	947	0.016
aa p	0.0	2	188	264	0.5
ii ɡ	0.0	3	86	1301	0.25
p iin	0.0	1	264	48	1.0
r een	0.0	2	1230	42	0.5
h OO	0.0	1	114	115	1.0
OO h	0.0	1	115	114	1.0
aan d	0.0	3	125	947	0.25
b en	0.0	1	878	15	1.0
l ɡ	0.0	9	832	1301	0.004
t ee	0.0	3	809	149	0.25
w een	0.0	1	319	42	1.0
ɡ een	0.0	2	1301	42	0.5
ɓ uu	0.0	1	208	66	1.0
l p	0.0	4	832	264	0.125
in ŋ	0.0	1	18	773	1.0
m ɟ	0.0	6	1012	505	0.031
r aa	0.0	4	1230	188	0.125
uu b	0.0	2	66	878	0.5
j ɓ	0.0	3	638	208	0.25
en n	0.0	1	15	987	1.0
aan ɗ	0.0	1	125	120	1.0
en m	0.0	1	15	1012	1.0
uun t	0.0	1	19	809	1.0
j b	0.0	6	638	878	0.031
aa oon	0.0	1	188	83	1.0
un s	0.0	1	27	578	1.0
ɡ iin	0.0	2	1301	48	0.5
iin ɡ	0.0	2	48	1301	0.5
b in	0.0	1	878	18	1.0
an an	0.0	1	126	126	1.0
m ŋ	0.0	7	1012	773	0.016
r l	0.0	8	1230	832	0.008
OO ɡ	0.0	3	115	1301	0.25
b uun	0.0	1	878	19	1.0
uun b	0.0	1	19	878	1.0
uu m	0.0	2	66	1012	0.5
ee m	0.0	3	149	1012	0.25
oon t	0.0	2	83	809	0.5
E h	0.0	4	2364	114	0.125
h ee	0.0	1	114	149	1.0
ee h	0.0	1	149	114	1.0
r aan	0.0	3	1230	125	0.25
ɟ on	0.0	1	505	34	1.0
oon ɓ	0.0	1	83	208	1.0
uu p	0.0	1	66	264	1.0
j n	0.0	6	638	987	0.031
uun d	0.0	1	19	947	1.0
aan s	0.0	2	125	578	0.5
r d	0.0	8	1230	947	0.008
oon b	0.0	2	83	878	0.5
j OO	0.0	2	638	115	0.5
OO j	0.0	2	115	638	0.5
uun n	0.0	1	19	987	1.0
ɟ ee	0.0	2	505	149	0.5
w d	0.0	4	319	947	0.125
r oo	0.0	4	1230	249	0.125
j k	0.0	7	638	1478	0.016
r uu	0.0	2	1230	66	0.5
ii d	0.0	2	86	947	0.5
n m	0.0	7	987	1012	0.016
m ɡ	0.0	8	1012	1301	0.008
n aa	0.0	3	987	188	0.25
m m	0.0	7	1012	1012	0.016
w uu	0.0	1	319	66	1.0
n ŋ	0.0	6	987	773	0.031
ii n	0.0	2	86	987	0.5
l j	0.0	5	832	638	0.062
h aa	0.0	1	114	188	1.0
aa h	0.0	1	188	114	1.0
ɡ uu	0.0	2	1301	66	0.5
ee s	0.0	2	149	578	0.5
un t	0.0	1	27	809	1.0
in r	0.0	1	18	1230	1.0
aa ɗ	0.0	1	188	120	1.0
l n	0.0	6	832	987	0.031
OO t	0.0	2	115	809	0.5
r uun	0.0	1	1230	19	1.0
b un	0.0	1	878	27	1.0
l OO	0.0	2	832	115	0.5
OO ɓ	0.0	1	115	208	1.0
aan ŋ	0.0	2	125	773	0.5
ɟ iin	0.0	1	505	48	1.0
s een	0.0	1	578	42	1.0
oo b	0.0	3	249	878	0.25
uun ɡ	0.0	1	19	1301	1.0
e b	0.0	5	722	878	0.062
d un	0.0	1	947	27	1.0
i ɗ	0.0	2	855	120	0.5
aan l	0.0	2	125	832	0.5
an ɓ	0.0	1	126	208	1.0
m d	0.0	6	1012	947	0.031
n un	0.0	1	987	27	1.0
n n	0.0	6	987	987	0.031
n oo	0.0	3	987	249	0.25
ii w	0.0	1	86	319	1.0
t on	0.0	1	809	34	1.0
k uun	0.0	1	1478	19	1.0
h oo	0.0	1	114	249	1.0
n ɗ	0.0	2	987	120	0.5
m p	0.0	3	1012	264	0.25
b on	0.0	1	878	34	1.0
m ɗ	0.0	2	1012	120	0.5
iin j	0.0	1	48	638	1.0
j ŋ	0.0	4	638	773	0.125
an n	0.0	2	126	987	0.5
aan m	0.0	2	125	1012	0.5
ii k	0.0	2	86	1478	0.5
on d	0.0	1	34	947	1.0
aan p	0.0	1	125	264	1.0
on n	0.0	1	34	987	1.0
een t	0.0	1	42	809	1.0
on m	0.0	1	34	1012	1.0
l een	0.0	1	832	42	1.0
r h	0.0	2	1230	114	0.5
w OO	0.0	1	319	115	1.0
n ee	0.0	2	987	149	0.5
een b	0.0	1	42	878	1.0
iin ŋ	0.0	1	48	773	1.0
s p	0.0	2	578	264	0.5
uu s	0.0	1	66	578	1.0
w ɗ	0.0	1	319	120	1.0
aan r	0.0	2	125	1230	0.5
aa l	0.0	2	188	832	0.5
n j	0.0	4	987	638	0.125
k un	0.0	1	1478	27	1.0
iin l	0.0	1	48	832	1.0
an w	0.0	1	126	319	1.0
j s	0.0	3	638	578	0.25
ɟ oon	0.0	1	505	83	1.0
oon ɟ	0.0	1	83	505	1.0
ɡ t	0.0	5	1301	809	0.062
j uu	0.0	1	638	66	1.0
iin b	0.0	1	48	878	1.0
o ɓ	0.0	2	821	208	0.5
i ɓ	0.0	2	855	208	0.5
j j	0.0	3	638	638	0.25
ɡ b	0.0	5	1301	878	0.062
n O	0.0	3	987	420	0.25
w ɡ	0.0	3	319	1301	0.25
k aan	0.0	2	1478	125	0.5
n iin	0.0	1	987	48	1.0
iin m	0.0	1	48	1012	1.0
j r	0.0	4	638	1230	0.125
O ɗ	0.0	1	420	120	1.0
w j	0.0	2	319	638	0.5
n ɓ	0.0	2	987	208	0.5
w k	0.0	3	319	1478	0.25
oon j	0.0	1	83	638	1.0
t uu	0.0	1	809	66	1.0
ɡ k	0.0	6	1301	1478	0.031
ɓ E	0.0	3	208	2364	0.25
j ii	0.0	1	638	86	1.0
aa r	0.0	2	188	1230	0.5
j l	0.0	3	638	832	0.25
een k	0.0	1	42	1478	1.0
ii e	0.0	1	86	722	1.0
m oo	0.0	2	1012	249	0.5
aan ɟ	0.0	1	125	505	1.0
an ɟ	0.0	1	126	505	1.0
oo p	0.0	1	249	264	1.0
a ɗ	0.0	2	2206	120	0.5
OO s	0.0	1	115	578	1.0
m uu	0.0	1	1012	66	1.0
ɡ ɡ	0.0	5	1301	1301	0.062
ii t	0.0	1	86	809	1.0
l ŋ	0.0	3	832	773	0.25
m j	0.0	3	1012	638	0.25
j h	0.0	1	638	114	1.0
s an	0.0	1	578	126	1.0
an s	0.0	1	126	578	1.0
k t	0.0	4	1478	809	0.125
l t	0.0	3	832	809	0.25
ii b	0.0	1	86	878	1.0
oon d	0.0	1	83	947	1.0
oo w	0.0	1	249	319	1.0
p r	0.0	2	264	1230	0.5
e h	0.0	1	722	114	1.0
ɡ s	0.0	3	1301	578	0.25
oon m	0.0	1	83	1012	1.0
w p	0.0	1	319	264	1.0
n ii	0.0	1	987	86	1.0
m ii	0.0	1	1012	86	1.0
ii m	0.0	1	86	1012	1.0
O ɓ	0.0	1	420	208	1.0
OO ŋ	0.0	1	115	773	1.0
ɡ j	0.0	3	1301	638	0.25
o h	0.0	1	821	114	1.0
ee j	0.0	1	149	638	1.0
OO l	0.0	1	115	832	1.0
an ŋ	0.0	1	126	773	1.0
o ɗ	0.0	1	821	120	1.0
l ɗ	0.0	1	832	120	1.0
ɡ r	0.0	4	1301	1230	0.125
oon r	0.0	1	83	1230	1.0
ɡ w	0.0	2	1301	319	0.5
l an	0.0	1	832	126	1.0
ee e	0.0	1	149	722	1.0
aa s	0.0	1	188	578	1.0
aan b	0.0	1	125	878	1.0
t r	0.0	3	809	1230	0.25
m h	0.0	1	1012	114	1.0
s t	0.0	2	578	809	0.5
d an	0.0	1	947	126	1.0
an d	0.0	1	126	947	1.0
b r	0.0	3	878	1230	0.25
l s	0.0	2	832	578	0.5
ɡ l	0.0	3	1301	832	0.25
ee t	0.0	1	149	809	1.0
ee o	0.0	1	149	821	1.0
ee l	0.0	1	149	832	1.0
E i	0.0	4	2364	855	0.125
k ii	0.0	1	1478	86	1.0
oo a	0.0	2	249	2206	0.5
ɡ n	0.0	3	1301	987	0.25
ɡ m	0.0	3	1301	1012	0.25
r ɗ	0.0	1	1230	120	1.0
an ɡ	0.0	1	126	1301	1.0
ɡ ɟ	0.0	2	1301	505	0.5
u ɓ	0.0	1	796	208	1.0
o o	0.0	2	821	821	0.5
l l	0.0	2	832	832	0.5
b t	0.0	2	878	809	0.5
s w	0.0	1	578	319	1.0
ii a	0.0	1	86	2206	1.0
a a	0.0	5	2206	2206	0.062
k r	0.0	3	1478	1230	0.25
j w	0.0	1	638	319	1.0
oo l	0.0	1	249	832	1.0
oo i	0.0	1	249	855	1.0
p t	0.0	1	264	809	1.0
w t	0.0	1	319	809	1.0
w l	0.0	1	319	832	1.0
l w	0.0	1	832	319	1.0
h E	0.0	1	114	2364	1.0
aan a	0.0	1	125	2206	1.0
n r	0.0	2	987	1230	0.5
oo r	0.0	1	249	1230	1.0
ɡ d	0.0	2	1301	947	0.5
m r	0.0	2	1012	1230	0.5
w n	0.0	1	319	987	1.0
n w	0.0	1	987	319	1.0
E a	0.0	4	2364	2206	0.125
O i	0.0	1	420	855	1.0
r r	0.0	2	1230	1230	0.5
w r	0.0	1	319	1230	1.0
l ɟ	0.0	1	832	505	1.0
n s	0.0	1	987	578	1.0
e i	0.0	1	722	855	1.0
t n	0.0	1	809	987	1.0
n l	0.0	1	987	832	1.0
m l	0.0	1	1012	832	1.0
s k	0.0	1	578	1478	1.0
d r	0.0	1	947	1230	1.0
o a	0.0	1	821	2206	1.0
a i	0.0	1	2206	855	1.0
E o	0.0	1	2364	821	1.0
