ngram	insep	N(C1C2)	N(C1)	N(C2)	p(C1C2)
d z	0.91	2832	14740	11327	0.0
t s	0.64	5729	30449	31986	0.0
s j	0.47	3334	31986	13884	0.0
s t	0.27	3704	31986	30449	0.0
b l	0.26	1698	9871	21141	0.0
t ʁ	0.26	4658	30449	51792	0.0
p ʁ	0.15	2536	15826	51792	0.0
g ʁ	0.14	1572	6219	51792	0.0
p l	0.11	1422	15826	21141	0.0
k s	0.08	1731	20867	31986	0.0
v w	0.08	296	7422	2855	0.0
f l	0.07	802	8708	21141	0.0
b ʁ	0.07	1330	9871	51792	0.0
k ʁ	0.05	1719	20867	51792	0.0
n j	0.05	710	13563	13884	0.0
k l	0.05	1082	20867	21141	0.0
s p	0.05	1136	31986	15826	0.0
ʁ j	0.05	1313	51792	13884	0.0
f ʁ	0.04	1020	8708	51792	0.0
g l	0.04	549	6219	21141	0.0
k t	0.04	1187	20867	30449	0.0
d j	0.04	656	14740	13884	0.0
ʒ w	0.04	185	5753	2855	0.0
t ɥ	0.04	299	30449	1489	0.0
s k	0.04	1141	31986	20867	0.0
ʁ d	0.04	1219	51792	14740	0.0
f j	0.04	477	8708	13884	0.0
v j	0.03	430	7422	13884	0.0
d ɥ	0.03	195	14740	1489	0.0
g z	0.03	320	6219	11327	0.0
d ʁ	0.03	1014	14740	51792	0.0
ʁ t	0.02	1444	51792	30449	0.0
t j	0.02	732	30449	13884	0.0
z j	0.02	440	11327	13884	0.0
z m	0.02	460	11327	15507	0.0
ʁ m	0.02	964	51792	15507	0.0
t w	0.02	306	30449	2855	0.0
l j	0.02	549	21141	13884	0.0
ʁ n	0.02	799	51792	13563	0.0
n ɥ	0.02	133	13563	1489	0.0
ʁ ʒ	0.02	500	51792	5753	0.0
p w	0.02	194	15826	2855	0.0
k w	0.02	218	20867	2855	0.0
s ɥ	0.01	190	31986	1489	0.0
ʁ w	0.01	334	51792	2855	0.0
l w	0.01	210	21141	2855	0.0
p j	0.01	388	15826	13884	0.0
ʁ s	0.01	1033	51792	31986	0.0
n w	0.01	153	13563	2855	0.0
b w	0.01	130	9871	2855	0.0
ʒ j	0.01	196	5753	13884	0.0
k ɥ	0.01	122	20867	1489	0.0
ʁ v	0.01	425	51792	7422	0.0
m w	0.01	142	15507	2855	0.0
v ʁ	0.01	417	7422	51792	0.0
p s	0.01	468	15826	31986	0.0
ʁ b	0.01	456	51792	9871	0.0
ʃ w	0.01	70	4241	2855	0.0
p t	0.01	424	15826	30449	0.0
l t	0.01	489	21141	30449	0.0
p ɥ	0.01	92	15826	1489	0.0
ʁ ɥ	0.01	155	51792	1489	0.0
f w	0.01	88	8708	2855	0.0
s w	0.01	168	31986	2855	0.0
ʁ ʃ	0.01	260	51792	4241	0.0
g w	0.01	70	6219	2855	0.0
ʁ g	0.01	296	51792	6219	0.0
ʁ k	0.0	533	51792	20867	0.0
l ɥ	0.0	90	21141	1489	0.0
ʃ j	0.0	123	4241	13884	0.0
d ʒ	0.0	146	14740	5753	0.0
b j	0.0	181	9871	13884	0.0
m j	0.0	218	15507	13884	0.0
d w	0.0	92	14740	2855	0.0
ʁ p	0.0	363	51792	15826	0.0
t ʃ	0.0	137	30449	4241	0.0
b ɥ	0.0	44	9871	1489	0.0
s m	0.0	255	31986	15507	0.0
ʁ f	0.0	221	51792	8708	0.0
s f	0.0	166	31986	8708	0.0
g ɥ	0.0	30	6219	1489	0.0
k j	0.0	153	20867	13884	0.0
f ɥ	0.0	32	8708	1489	0.0
ʁ l	0.0	285	51792	21141	0.0
l v	0.0	103	21141	7422	0.0
l m	0.0	142	21141	15507	0.0
g m	0.0	71	6219	15507	0.0
l k	0.0	141	21141	20867	0.0
b ʒ	0.0	50	9871	5753	0.0
l p	0.0	120	21141	15826	0.0
m n	0.0	95	15507	13563	0.0
l s	0.0	170	21141	31986	0.0
l f	0.0	85	21141	8708	0.0
m ɥ	0.0	30	15507	1489	0.0
z ɥ	0.0	25	11327	1489	0.0
d m	0.0	86	14740	15507	0.0
ʁ ɲ	0.0	40	51792	1057	0.0
l d	0.0	87	21141	14740	0.0
l g	0.0	55	21141	6219	0.0
l b	0.0	68	21141	9871	0.0
f t	0.0	72	8708	30449	0.0
g n	0.0	39	6219	13563	0.0
ʒ ɥ	0.0	12	5753	1489	0.0
g ʒ	0.0	20	6219	5753	0.0
k n	0.0	55	20867	13563	0.0
ŋ g	0.0	3	136	6219	0.25
ʃ ɥ	0.0	8	4241	1489	0.008
l ʒ	0.0	35	21141	5753	0.0
n t	0.0	63	13563	30449	0.0
s b	0.0	55	31986	9871	0.0
n d	0.0	43	13563	14740	0.0
z w	0.0	17	11327	2855	0.0
s l	0.0	73	31986	21141	0.0
p n	0.0	40	15826	13563	0.0
s g	0.0	38	31986	6219	0.0
b v	0.0	21	9871	7422	0.0
b d	0.0	28	9871	14740	0.0
g j	0.0	21	6219	13884	0.0
j j	0.0	31	13884	13884	0.0
t m	0.0	46	30449	15507	0.0
w n	0.0	13	2855	13563	0.0
t n	0.0	42	30449	13563	0.0
ŋ p	0.0	3	136	15826	0.25
ʃ k	0.0	19	4241	20867	0.0
n ʃ	0.0	15	13563	4241	0.0
ʃ t	0.0	22	4241	30449	0.0
d v	0.0	20	14740	7422	0.0
b z	0.0	20	9871	11327	0.0
z b	0.0	19	11327	9871	0.0
l ʃ	0.0	17	21141	4241	0.0
s n	0.0	37	31986	13563	0.0
ɲ w	0.0	3	1057	2855	0.25
ʃ p	0.0	14	4241	15826	0.0
w t	0.0	15	2855	30449	0.0
n k	0.0	27	13563	20867	0.0
n s	0.0	33	13563	31986	0.0
s v	0.0	23	31986	7422	0.0
ʃ m	0.0	12	4241	15507	0.0
ŋ j	0.0	2	136	13884	0.5
ʃ n	0.0	11	4241	13563	0.001
j t	0.0	29	13884	30449	0.0
j d	0.0	20	13884	14740	0.0
s ʒ	0.0	18	31986	5753	0.0
t b	0.0	23	30449	9871	0.0
ŋ ʃ	0.0	1	136	4241	1.0
j l	0.0	22	13884	21141	0.0
t d	0.0	27	30449	14740	0.0
ʃ l	0.0	12	4241	21141	0.0
s d	0.0	27	31986	14740	0.0
t l	0.0	30	30449	21141	0.0
j n	0.0	16	13884	13563	0.0
m b	0.0	14	15507	9871	0.0
k b	0.0	16	20867	9871	0.0
j m	0.0	16	13884	15507	0.0
j v	0.0	11	13884	7422	0.001
d n	0.0	15	14740	13563	0.0
k m	0.0	19	20867	15507	0.0
b m	0.0	13	9871	15507	0.0
n g	0.0	9	13563	6219	0.004
l z	0.0	15	21141	11327	0.0
s ʃ	0.0	11	31986	4241	0.001
p f	0.0	11	15826	8708	0.001
ŋ f	0.0	1	136	8708	1.0
t k	0.0	23	30449	20867	0.0
j ʃ	0.0	7	13884	4241	0.016
s s	0.0	29	31986	31986	0.0
m s	0.0	20	15507	31986	0.0
d s	0.0	19	14740	31986	0.0
t p	0.0	19	30449	15826	0.0
ŋ b	0.0	1	136	9871	1.0
m p	0.0	13	15507	15826	0.0
k v	0.0	10	20867	7422	0.002
j w	0.0	5	13884	2855	0.062
b n	0.0	9	9871	13563	0.004
ʃ b	0.0	5	4241	9871	0.062
ŋ ʁ	0.0	2	136	51792	0.5
t f	0.0	12	30449	8708	0.0
ɲ p	0.0	3	1057	15826	0.25
j k	0.0	12	13884	20867	0.0
w z	0.0	4	2855	11327	0.125
n b	0.0	8	13563	9871	0.008
ŋ m	0.0	1	136	15507	1.0
f m	0.0	8	8708	15507	0.008
k d	0.0	12	20867	14740	0.0
ʒ t	0.0	9	5753	30449	0.004
p k	0.0	12	15826	20867	0.0
l n	0.0	11	21141	13563	0.001
z n	0.0	8	11327	13563	0.008
g b	0.0	5	6219	9871	0.062
k ʃ	0.0	6	20867	4241	0.031
d l	0.0	11	14740	21141	0.001
j s	0.0	13	13884	31986	0.0
n p	0.0	9	13563	15826	0.004
ŋ k	0.0	1	136	20867	1.0
k f	0.0	8	20867	8708	0.008
t g	0.0	8	30449	6219	0.008
d b	0.0	7	14740	9871	0.016
ʁ z	0.0	14	51792	11327	0.0
d k	0.0	10	14740	20867	0.002
s ʁ	0.0	23	31986	51792	0.0
v l	0.0	7	7422	21141	0.016
n f	0.0	6	13563	8708	0.031
ʃ v	0.0	3	4241	7422	0.25
d p	0.0	8	14740	15826	0.008
g d	0.0	5	6219	14740	0.062
z l	0.0	8	11327	21141	0.008
m g	0.0	5	15507	6219	0.062
n v	0.0	5	13563	7422	0.062
t t	0.0	15	30449	30449	0.0
ŋ t	0.0	1	136	30449	1.0
p ʃ	0.0	4	15826	4241	0.125
ʁ ʁ	0.0	25	51792	51792	0.0
ŋ s	0.0	1	136	31986	1.0
z g	0.0	4	11327	6219	0.125
j f	0.0	5	13884	8708	0.062
f k	0.0	6	8708	20867	0.031
j b	0.0	5	13884	9871	0.062
n z	0.0	5	13563	11327	0.062
t v	0.0	6	30449	7422	0.031
z k	0.0	6	11327	20867	0.031
m m	0.0	6	15507	15507	0.031
t z	0.0	7	30449	11327	0.016
z p	0.0	5	11327	15826	0.062
m v	0.0	4	15507	7422	0.125
ʒ k	0.0	4	5753	20867	0.125
g s	0.0	5	6219	31986	0.062
b k	0.0	5	9871	20867	0.062
n m	0.0	5	13563	15507	0.062
m f	0.0	4	15507	8708	0.125
n ʒ	0.0	3	13563	5753	0.25
j p	0.0	5	13884	15826	0.062
m k	0.0	6	15507	20867	0.031
m l	0.0	6	15507	21141	0.031
l l	0.0	7	21141	21141	0.016
ʃ f	0.0	2	4241	8708	0.5
ʒ d	0.0	3	5753	14740	0.25
m t	0.0	7	15507	30449	0.016
j z	0.0	4	13884	11327	0.125
z d	0.0	4	11327	14740	0.125
p g	0.0	3	15826	6219	0.25
v ɥ	0.0	1	7422	1489	1.0
j ʁ	0.0	8	13884	51792	0.008
ɲ z	0.0	1	1057	11327	1.0
ʒ f	0.0	2	5753	8708	0.5
b s	0.0	5	9871	31986	0.062
f g	0.0	2	8708	6219	0.5
ɲ n	0.0	1	1057	13563	1.0
g k	0.0	3	6219	20867	0.25
k z	0.0	4	20867	11327	0.125
ʃ s	0.0	3	4241	31986	0.25
d ʃ	0.0	2	14740	4241	0.5
z ʁ	0.0	6	11327	51792	0.031
m ʃ	0.0	2	15507	4241	0.5
v k	0.0	3	7422	20867	0.25
k k	0.0	5	20867	20867	0.062
n l	0.0	4	13563	21141	0.125
ʃ ʃ	0.0	1	4241	4241	1.0
m z	0.0	3	15507	11327	0.25
k p	0.0	4	20867	15826	0.125
z v	0.0	2	11327	7422	0.5
ɲ k	0.0	1	1057	20867	1.0
m ʒ	0.0	2	15507	5753	0.5
w s	0.0	2	2855	31986	0.5
d g	0.0	2	14740	6219	0.5
ʃ ʁ	0.0	3	4241	51792	0.25
m d	0.0	3	15507	14740	0.25
ʃ g	0.0	1	4241	6219	1.0
g ʃ	0.0	1	6219	4241	1.0
p p	0.0	3	15826	15826	0.25
n ʁ	0.0	5	13563	51792	0.062
k g	0.0	2	20867	6219	0.5
ʒ g	0.0	1	5753	6219	1.0
f ʃ	0.0	1	8708	4241	1.0
w d	0.0	1	2855	14740	1.0
ʒ v	0.0	1	5753	7422	1.0
l ʁ	0.0	5	21141	51792	0.062
p z	0.0	2	15826	11327	0.5
w p	0.0	1	2855	15826	1.0
ʒ s	0.0	2	5753	31986	0.5
v g	0.0	1	7422	6219	1.0
g v	0.0	1	6219	7422	1.0
m ʁ	0.0	4	15507	51792	0.125
g f	0.0	1	6219	8708	1.0
d d	0.0	2	14740	14740	0.5
v v	0.0	1	7422	7422	1.0
ʒ b	0.0	1	5753	9871	1.0
p d	0.0	2	15826	14740	0.5
v s	0.0	2	7422	31986	0.5
p m	0.0	2	15826	15507	0.5
ʃ d	0.0	1	4241	14740	1.0
z ʒ	0.0	1	11327	5753	1.0
ʒ z	0.0	1	5753	11327	1.0
f s	0.0	2	8708	31986	0.5
b t	0.0	2	9871	30449	0.5
ʒ n	0.0	1	5753	13563	1.0
v z	0.0	1	7422	11327	1.0
f b	0.0	1	8708	9871	1.0
j g	0.0	1	13884	6219	1.0
p ʒ	0.0	1	15826	5753	1.0
z f	0.0	1	11327	8708	1.0
v n	0.0	1	7422	13563	1.0
v d	0.0	1	7422	14740	1.0
d t	0.0	2	14740	30449	0.5
v m	0.0	1	7422	15507	1.0
p v	0.0	1	15826	7422	1.0
v p	0.0	1	7422	15826	1.0
f n	0.0	1	8708	13563	1.0
k ʒ	0.0	1	20867	5753	1.0
f d	0.0	1	8708	14740	1.0
d f	0.0	1	14740	8708	1.0
f p	0.0	1	8708	15826	1.0
w ʁ	0.0	1	2855	51792	1.0
p b	0.0	1	15826	9871	1.0
t ʒ	0.0	1	30449	5753	1.0
g t	0.0	1	6219	30449	1.0
z t	0.0	1	11327	30449	1.0
s z	0.0	1	31986	11327	1.0
