ngram	insep	N(C1C2)	N(C1)	N(C2)	p(C1C2)
v w	0.92	5172	27122	23274	0.0
b j	0.33	1946	16819	14780	0.0
s k	0.28	5380	57028	39285	0.0
ʁ d	0.28	4226	56847	24678	0.0
v j	0.25	2139	27122	14780	0.0
t ʁ	0.23	5104	42854	56847	0.0
l ɥ	0.17	1461	70633	3778	0.0
t j	0.14	2019	42854	14780	0.0
g ʁ	0.11	1389	6587	56847	0.0
k w	0.11	2114	39285	23274	0.0
m w	0.09	1792	34568	23274	0.0
t w	0.08	1952	42854	23274	0.0
p l	0.08	3051	34806	70633	0.0
p ʁ	0.08	2614	34806	56847	0.0
p ɥ	0.07	651	34806	3778	0.0
s j	0.06	1563	57028	14780	0.0
ʁ ʃ	0.05	1153	56847	9743	0.0
s ɥ	0.05	705	57028	3778	0.0
ʁ s	0.05	2641	56847	57028	0.0
b ʁ	0.04	1374	16819	56847	0.0
ʁ l	0.04	2689	56847	70633	0.0
m j	0.04	958	34568	14780	0.0
p ts	0.03	1028	34806	20304	0.0
ʁ t	0.03	1831	56847	42854	0.0
k ʁ	0.03	1731	39285	56847	0.0
m s	0.03	1615	34568	57028	0.0
ʁ m	0.03	1550	56847	34568	0.0
d l	0.03	1424	24678	70633	0.0
ʁ w	0.02	1164	56847	23274	0.0
ʒ w	0.02	526	11663	23274	0.0
p j	0.02	707	34806	14780	0.0
ʒ v	0.02	554	11663	27122	0.0
z j	0.02	275	5776	14780	0.0
ʃ t	0.02	604	9743	42854	0.0
l f	0.02	921	70633	14088	0.0
b l	0.02	970	16819	70633	0.0
ʁ dz	0.02	440	56847	4367	0.0
v ʁ	0.02	1081	27122	56847	0.0
ʁ k	0.02	1272	56847	39285	0.0
s t	0.02	1326	57028	42854	0.0
d ʁ	0.01	954	24678	56847	0.0
ʁ n	0.01	911	56847	22955	0.0
ʃ p	0.01	463	9743	34806	0.0
b w	0.01	472	16819	23274	0.0
k s	0.01	1110	39285	57028	0.0
ʃ j	0.01	272	9743	14780	0.0
k l	0.01	1181	39285	70633	0.0
k ɥ	0.01	273	39285	3778	0.0
f ʁ	0.01	634	14088	56847	0.0
ʁ ts	0.01	745	56847	20304	0.0
t d	0.01	706	42854	24678	0.0
ʁ j	0.01	615	56847	14780	0.0
p w	0.01	577	34806	23274	0.0
d w	0.01	482	24678	23274	0.0
l m	0.01	980	70633	34568	0.0
ʃ ɥ	0.01	117	9743	3778	0.0
t l	0.01	1056	42854	70633	0.0
ʃ k	0.01	363	9743	39285	0.0
l s	0.01	1166	70633	57028	0.0
t ʃ	0.01	345	42854	9743	0.0
f l	0.01	529	14088	70633	0.0
n p	0.01	472	22955	34806	0.0
l v	0.01	714	70633	27122	0.0
ʁ ɥ	0.01	236	56847	3778	0.0
ʒ l	0.01	442	11663	70633	0.0
s w	0.01	553	57028	23274	0.0
t p	0.0	576	42854	34806	0.0
ʁ p	0.0	658	56847	34806	0.0
f w	0.0	265	14088	23274	0.0
l k	0.0	747	70633	39285	0.0
k ts	0.0	388	39285	20304	0.0
d ɥ	0.0	130	24678	3778	0.0
s p	0.0	597	57028	34806	0.0
n b	0.0	261	22955	16819	0.0
z w	0.0	154	5776	23274	0.0
k t	0.0	540	39285	42854	0.0
t n	0.0	410	42854	22955	0.0
t f	0.0	321	42854	14088	0.0
t m	0.0	501	42854	34568	0.0
s l	0.0	826	57028	70633	0.0
t k	0.0	532	42854	39285	0.0
k ʒ	0.0	271	39285	11663	0.0
l p	0.0	598	70633	34806	0.0
s m	0.0	530	57028	34568	0.0
n f	0.0	207	22955	14088	0.0
d s	0.0	424	24678	57028	0.0
l d	0.0	465	70633	24678	0.0
m m	0.0	377	34568	34568	0.0
ʁ ʒ	0.0	276	56847	11663	0.0
n k	0.0	318	22955	39285	0.0
g w	0.0	131	6587	23274	0.0
ʁ f	0.0	291	56847	14088	0.0
m l	0.0	503	34568	70633	0.0
g z	0.0	61	6587	5776	0.0
m b	0.0	233	34568	16819	0.0
l t	0.0	531	70633	42854	0.0
n ɥ	0.0	87	22955	3778	0.0
n l	0.0	375	22955	70633	0.0
n j	0.0	171	22955	14780	0.0
d m	0.0	267	24678	34568	0.0
n g	0.0	112	22955	6587	0.0
l l	0.0	642	70633	70633	0.0
n t	0.0	284	22955	42854	0.0
ʃ w	0.0	131	9743	23274	0.0
n d	0.0	202	22955	24678	0.0
n m	0.0	237	22955	34568	0.0
s ts	0.0	286	57028	20304	0.0
d p	0.0	242	24678	34806	0.0
z d	0.0	97	5776	24678	0.0
ŋ d	0.0	11	76	24678	0.001
ʁ b	0.0	248	56847	16819	0.0
t t	0.0	339	42854	42854	0.0
g l	0.0	168	6587	70633	0.0
ʒ p	0.0	156	11663	34806	0.0
l b	0.0	266	70633	16819	0.0
t b	0.0	207	42854	16819	0.0
m d	0.0	220	34568	24678	0.0
d t	0.0	241	24678	42854	0.0
k ʃ	0.0	141	39285	9743	0.0
d k	0.0	221	24678	39285	0.0
z l	0.0	143	5776	70633	0.0
l dz	0.0	124	70633	4367	0.0
ʒ m	0.0	137	11663	34568	0.0
m p	0.0	236	34568	34806	0.0
ʁ v	0.0	262	56847	27122	0.0
t dz	0.0	91	42854	4367	0.0
k m	0.0	245	39285	34568	0.0
n s	0.0	237	22955	57028	0.0
z k	0.0	97	5776	39285	0.0
l j	0.0	208	70633	14780	0.0
n ʃ	0.0	96	22955	9743	0.0
ʒ d	0.0	107	11663	24678	0.0
ʒ t	0.0	138	11663	42854	0.0
ɲ w	0.0	19	411	23274	0.0
p t	0.0	234	34806	42854	0.0
t ʒ	0.0	134	42854	11663	0.0
v l	0.0	259	27122	70633	0.0
k d	0.0	180	39285	24678	0.0
n w	0.0	132	22955	23274	0.0
z m	0.0	79	5776	34568	0.0
d b	0.0	113	24678	16819	0.0
n v	0.0	138	22955	27122	0.0
l w	0.0	220	70633	23274	0.0
l ʁ	0.0	333	70633	56847	0.0
m dz	0.0	64	34568	4367	0.0
m t	0.0	198	34568	42854	0.0
s d	0.0	190	57028	24678	0.0
l ʃ	0.0	132	70633	9743	0.0
d d	0.0	123	24678	24678	0.0
j d	0.0	95	14780	24678	0.0
ʁ g	0.0	96	56847	6587	0.0
ʃ f	0.0	58	9743	14088	0.0
l z	0.0	99	70633	5776	0.0
m f	0.0	102	34568	14088	0.0
ʃ l	0.0	121	9743	70633	0.0
ʒ dz	0.0	32	11663	4367	0.0
d f	0.0	83	24678	14088	0.0
ʃ s	0.0	104	9743	57028	0.0
s s	0.0	250	57028	57028	0.0
l n	0.0	174	70633	22955	0.0
ʃ d	0.0	65	9743	24678	0.0
b d	0.0	83	16819	24678	0.0
ʒ ɥ	0.0	27	11663	3778	0.0
v p	0.0	121	27122	34806	0.0
k k	0.0	153	39285	39285	0.0
m n	0.0	109	34568	22955	0.0
m k	0.0	138	34568	39285	0.0
z s	0.0	66	5776	57028	0.0
ŋ dz	0.0	2	76	4367	0.5
v t	0.0	118	27122	42854	0.0
k p	0.0	127	39285	34806	0.0
s f	0.0	97	57028	14088	0.0
d ʒ	0.0	58	24678	11663	0.0
d ʃ	0.0	53	24678	9743	0.0
k dz	0.0	43	39285	4367	0.0
t v	0.0	111	42854	27122	0.0
l g	0.0	70	70633	6587	0.0
ʒ ʁ	0.0	81	11663	56847	0.0
l ʒ	0.0	90	70633	11663	0.0
ʃ m	0.0	57	9743	34568	0.0
p s	0.0	135	34806	57028	0.0
k f	0.0	71	39285	14088	0.0
m ts	0.0	78	34568	20304	0.0
m ʃ	0.0	54	34568	9743	0.0
s b	0.0	90	57028	16819	0.0
v d	0.0	74	27122	24678	0.0
z p	0.0	40	5776	34806	0.0
ŋ b	0.0	3	76	16819	0.25
n ʒ	0.0	43	22955	11663	0.0
t g	0.0	44	42854	6587	0.0
ɲ l	0.0	14	411	70633	0.0
d j	0.0	49	24678	14780	0.0
ʒ s	0.0	66	11663	57028	0.0
ɲ d	0.0	8	411	24678	0.008
f ɥ	0.0	18	14088	3778	0.0
m v	0.0	75	34568	27122	0.0
ʁ ʁ	0.0	126	56847	56847	0.0
t ɥ	0.0	28	42854	3778	0.0
n dz	0.0	22	22955	4367	0.0
ɲ t	0.0	9	411	42854	0.004
ɲ p	0.0	8	411	34806	0.008
ʒ k	0.0	45	11663	39285	0.0
j p	0.0	47	14780	34806	0.0
n ts	0.0	44	22955	20304	0.0
s ʁ	0.0	116	57028	56847	0.0
m ʒ	0.0	40	34568	11663	0.0
v k	0.0	65	27122	39285	0.0
d ts	0.0	44	24678	20304	0.0
s dz	0.0	31	57028	4367	0.0
j l	0.0	60	14780	70633	0.0
ʒ b	0.0	26	11663	16819	0.0
d v	0.0	48	24678	27122	0.0
p f	0.0	41	34806	14088	0.0
m ʁ	0.0	80	34568	56847	0.0
k n	0.0	54	39285	22955	0.0
j k	0.0	43	14780	39285	0.0
j t	0.0	44	14780	42854	0.0
ʃ ʃ	0.0	17	9743	9743	0.0
v s	0.0	68	27122	57028	0.0
z b	0.0	17	5776	16819	0.0
n ʁ	0.0	62	22955	56847	0.0
t ts	0.0	50	42854	20304	0.0
ɲ f	0.0	4	411	14088	0.125
b ʒ	0.0	23	16819	11663	0.0
l ts	0.0	62	70633	20304	0.0
z dz	0.0	8	5776	4367	0.008
d n	0.0	37	24678	22955	0.0
v m	0.0	47	27122	34568	0.0
b p	0.0	37	16819	34806	0.0
z t	0.0	24	5776	42854	0.0
f j	0.0	22	14088	14780	0.0
j m	0.0	34	14780	34568	0.0
p d	0.0	43	34806	24678	0.0
ɲ s	0.0	7	411	57028	0.016
d dz	0.0	15	24678	4367	0.0
j s	0.0	41	14780	57028	0.0
n n	0.0	32	22955	22955	0.0
ʃ dz	0.0	9	9743	4367	0.004
v dz	0.0	14	27122	4367	0.0
v n	0.0	32	27122	22955	0.0
s ʒ	0.0	33	57028	11663	0.0
j dz	0.0	10	14780	4367	0.002
f d	0.0	23	14088	24678	0.0
ʁ z	0.0	22	56847	5776	0.0
s g	0.0	23	57028	6587	0.0
g d	0.0	15	6587	24678	0.0
j ʃ	0.0	14	14780	9743	0.0
d g	0.0	14	24678	6587	0.0
z ʒ	0.0	9	5776	11663	0.004
ɲ m	0.0	4	411	34568	0.125
k j	0.0	25	39285	14780	0.0
p p	0.0	36	34806	34806	0.0
ʒ ʒ	0.0	12	11663	11663	0.0
g ɥ	0.0	5	6587	3778	0.062
b s	0.0	31	16819	57028	0.0
s v	0.0	37	57028	27122	0.0
g dz	0.0	5	6587	4367	0.062
j v	0.0	18	14780	27122	0.0
z f	0.0	8	5776	14088	0.008
s n	0.0	32	57028	22955	0.0
f k	0.0	20	14088	39285	0.0
ʃ ʒ	0.0	9	9743	11663	0.004
b k	0.0	21	16819	39285	0.0
f p	0.0	18	14088	34806	0.0
ts ɥ	0.0	7	20304	3778	0.016
ʒ n	0.0	13	11663	22955	0.0
ʃ b	0.0	10	9743	16819	0.002
p ʒ	0.0	15	34806	11663	0.0
ʃ n	0.0	11	9743	22955	0.001
ʃ ts	0.0	10	9743	20304	0.002
ʒ g	0.0	6	11663	6587	0.031
b m	0.0	16	16819	34568	0.0
f s	0.0	18	14088	57028	0.0
b ɥ	0.0	5	16819	3778	0.062
j f	0.0	9	14780	14088	0.004
p k	0.0	23	34806	39285	0.0
v ʒ	0.0	11	27122	11663	0.001
p m	0.0	21	34806	34568	0.0
b b	0.0	10	16819	16819	0.002
ʒ ts	0.0	9	11663	20304	0.004
ŋ k	0.0	1	76	39285	1.0
j ts	0.0	10	14780	20304	0.002
f t	0.0	14	14088	42854	0.0
v v	0.0	15	27122	27122	0.0
k b	0.0	14	39285	16819	0.0
ʒ j	0.0	7	11663	14780	0.016
k v	0.0	17	39285	27122	0.0
v b	0.0	11	27122	16819	0.001
f dz	0.0	4	14088	4367	0.125
p n	0.0	14	34806	22955	0.0
ŋ s	0.0	1	76	57028	1.0
z v	0.0	6	5776	27122	0.031
f ʒ	0.0	6	14088	11663	0.031
ʒ f	0.0	6	11663	14088	0.031
b dz	0.0	4	16819	4367	0.125
z ts	0.0	5	5776	20304	0.062
b n	0.0	9	16819	22955	0.004
t z	0.0	7	42854	5776	0.016
z n	0.0	5	5776	22955	0.062
ʃ v	0.0	7	9743	27122	0.016
v ts	0.0	10	27122	20304	0.002
p v	0.0	13	34806	27122	0.0
j ʁ	0.0	12	14780	56847	0.0
g s	0.0	8	6587	57028	0.008
ɲ j	0.0	1	411	14780	1.0
p dz	0.0	5	34806	4367	0.062
k z	0.0	6	39285	5776	0.031
m g	0.0	6	34568	6587	0.031
s ʃ	0.0	9	57028	9743	0.004
j n	0.0	7	14780	22955	0.016
b t	0.0	10	16819	42854	0.002
p b	0.0	9	34806	16819	0.004
n z	0.0	4	22955	5776	0.125
z ʁ	0.0	6	5776	56847	0.031
g p	0.0	5	6587	34806	0.062
j b	0.0	5	14780	16819	0.062
v f	0.0	6	27122	14088	0.031
g t	0.0	5	6587	42854	0.062
f ts	0.0	5	14088	20304	0.062
ts l	0.0	11	20304	70633	0.001
f m	0.0	6	14088	34568	0.031
j w	0.0	5	14780	23274	0.062
z ʃ	0.0	2	5776	9743	0.5
f b	0.0	4	14088	16819	0.125
k g	0.0	4	39285	6587	0.125
g k	0.0	4	6587	39285	0.125
v ʃ	0.0	4	27122	9743	0.125
g n	0.0	3	6587	22955	0.25
v g	0.0	3	27122	6587	0.25
j g	0.0	2	14780	6587	0.5
g m	0.0	3	6587	34568	0.25
ʒ ʃ	0.0	2	11663	9743	0.5
ts k	0.0	5	20304	39285	0.062
m ɥ	0.0	2	34568	3778	0.5
z z	0.0	1	5776	5776	1.0
g ts	0.0	2	6587	20304	0.5
ʃ ʁ	0.0	4	9743	56847	0.125
z g	0.0	1	5776	6587	1.0
f v	0.0	3	14088	27122	0.25
j ʒ	0.0	2	14780	11663	0.5
g v	0.0	2	6587	27122	0.5
b v	0.0	3	16819	27122	0.25
ts w	0.0	3	20304	23274	0.25
ʃ g	0.0	1	9743	6587	1.0
g ʃ	0.0	1	6587	9743	1.0
dz j	0.0	1	4367	14780	1.0
ts j	0.0	2	20304	14780	0.5
f n	0.0	2	14088	22955	0.5
p ʃ	0.0	2	34806	9743	0.5
b ts	0.0	2	16819	20304	0.5
g f	0.0	1	6587	14088	1.0
b g	0.0	1	16819	6587	1.0
g b	0.0	1	6587	16819	1.0
f f	0.0	1	14088	14088	1.0
ts t	0.0	2	20304	42854	0.5
p g	0.0	1	34806	6587	1.0
b f	0.0	1	16819	14088	1.0
ts m	0.0	1	20304	34568	1.0
