ngram	insep	N(C1C2)	N(C1)	N(C2)	p(C1C2)
u t	0.18	1891	3906	7225	0.0
t s	0.09	1257	7225	3396	0.0
h i	0.06	624	1482	6112	0.0
o n	0.06	699	3139	3706	0.0
i j	0.05	666	6112	2073	0.0
j u	0.05	531	2073	3906	0.0
a n	0.05	1236	12276	3706	0.0
m a	0.04	1160	3577	12276	0.0
j a	0.04	883	2073	12276	0.0
i t	0.04	1142	6112	7225	0.0
e ʁ	0.03	708	4811	4222	0.0
χ a	0.03	796	2207	12276	0.0
a ʁ	0.03	1063	12276	4222	0.0
h a	0.03	613	1482	12276	0.0
m e	0.03	595	3577	4811	0.0
k a	0.03	831	2775	12276	0.0
ʁ a	0.03	994	4222	12276	0.0
a χ	0.03	703	12276	2207	0.0
a l	0.02	782	12276	2824	0.0
m i	0.02	608	3577	6112	0.0
e t	0.02	745	4811	7225	0.0
i z	0.02	279	6112	933	0.0
l i	0.02	467	2824	6112	0.0
o ʁ	0.02	406	3139	4222	0.0
ʁ e	0.02	495	4222	4811	0.0
l a	0.02	642	2824	12276	0.0
i k	0.02	447	6112	2775	0.0
n u	0.02	408	3706	3906	0.0
s i	0.02	485	3396	6112	0.0
a v	0.02	414	12276	1293	0.0
s a	0.01	665	3396	12276	0.0
a t	0.01	964	12276	7225	0.0
e l	0.01	377	4811	2824	0.0
t a	0.01	955	7225	12276	0.0
o l	0.01	298	3139	2824	0.0
d ʒ	0.01	31	1723	57	0.0
k o	0.01	288	2775	3139	0.0
ʁ i	0.01	492	4222	6112	0.0
d a	0.01	444	1723	12276	0.0
n i	0.01	446	3706	6112	0.0
l e	0.01	344	2824	4811	0.0
s j	0.01	247	3396	2073	0.0
i n	0.01	439	6112	3706	0.0
v a	0.01	364	1293	12276	0.0
i l	0.01	371	6112	2824	0.0
ʁ o	0.01	324	4222	3139	0.0
l u	0.01	294	2824	3906	0.0
n a	0.01	597	3706	12276	0.0
b a	0.01	313	1036	12276	0.0
p a	0.01	347	1281	12276	0.0
o ɡ	0.01	185	3139	1441	0.0
e v	0.01	213	4811	1293	0.0
e n	0.01	358	4811	3706	0.0
s e	0.01	339	3396	4811	0.0
z e	0.01	177	933	4811	0.0
i s	0.01	380	6112	3396	0.0
ɡ a	0.01	350	1441	12276	0.0
b u	0.01	165	1036	3906	0.0
i ʃ	0.01	253	6112	1558	0.0
e m	0.01	338	4811	3577	0.0
ʃ a	0.01	353	1558	12276	0.0
l o	0.01	240	2824	3139	0.0
a d	0.01	369	12276	1723	0.0
a f	0.01	299	12276	1162	0.0
n e	0.01	334	3706	4811	0.0
e k	0.01	286	4811	2775	0.0
t i	0.01	518	7225	6112	0.0
d i	0.01	250	1723	6112	0.0
ʁ u	0.01	310	4222	3906	0.0
e f	0.01	179	4811	1162	0.0
d e	0.01	217	1723	4811	0.0
a m	0.01	498	12276	3577	0.0
a k	0.01	436	12276	2775	0.0
z a	0.01	252	933	12276	0.0
p e	0.01	182	1281	4811	0.0
v i	0.01	204	1293	6112	0.0
j o	0.01	185	2073	3139	0.0
ʃ i	0.01	221	1558	6112	0.0
i v	0.01	201	6112	1293	0.0
u ʁ	0.01	290	3906	4222	0.0
k u	0.01	235	2775	3906	0.0
i d	0.01	228	6112	1723	0.0
t e	0.01	406	7225	4811	0.0
m u	0.01	253	3577	3906	0.0
e χ	0.01	220	4811	2207	0.0
t o	0.01	321	7225	3139	0.0
s u	0.01	245	3396	3906	0.0
k i	0.01	277	2775	6112	0.0
i ʁ	0.01	339	6112	4222	0.0
a ʃ	0.01	290	12276	1558	0.0
d u	0.01	171	1723	3906	0.0
m o	0.01	220	3577	3139	0.0
u l	0.01	218	3906	2824	0.0
s t	0.01	325	3396	7225	0.0
o f	0.01	125	3139	1162	0.0
ʃ e	0.01	179	1558	4811	0.0
e d	0.01	188	4811	1723	0.0
p i	0.01	182	1281	6112	0.0
ɡ e	0.01	171	1441	4811	0.0
χ u	0.01	190	2207	3906	0.0
b i	0.01	162	1036	6112	0.0
χ i	0.01	236	2207	6112	0.0
p o	0.01	128	1281	3139	0.0
i f	0.01	170	6112	1162	0.0
i m	0.01	295	6112	3577	0.0
a ɡ	0.01	265	12276	1441	0.0
o m	0.01	205	3139	3577	0.0
k e	0.01	223	2775	4811	0.0
f e	0.01	144	1162	4811	0.0
e ʃ	0.0	163	4811	1558	0.0
i χ	0.0	215	6112	2207	0.0
ʃ u	0.0	144	1558	3906	0.0
u m	0.0	217	3906	3577	0.0
f a	0.0	216	1162	12276	0.0
ɡ i	0.0	169	1441	6112	0.0
z i	0.0	135	933	6112	0.0
b o	0.0	101	1036	3139	0.0
v e	0.0	139	1293	4811	0.0
f i	0.0	148	1162	6112	0.0
χ o	0.0	144	2207	3139	0.0
b e	0.0	122	1036	4811	0.0
p u	0.0	122	1281	3906	0.0
a j	0.0	275	12276	2073	0.0
h e	0.0	143	1482	4811	0.0
n o	0.0	181	3706	3139	0.0
v u	0.0	117	1293	3906	0.0
e ɡ	0.0	137	4811	1441	0.0
a s	0.0	333	12276	3396	0.0
χ e	0.0	168	2207	4811	0.0
a z	0.0	174	12276	933	0.0
d o	0.0	117	1723	3139	0.0
ɡ o	0.0	106	1441	3139	0.0
f o	0.0	95	1162	3139	0.0
ɡ u	0.0	116	1441	3906	0.0
e s	0.0	196	4811	3396	0.0
i ɡ	0.0	139	6112	1441	0.0
u n	0.0	178	3906	3706	0.0
o d	0.0	108	3139	1723	0.0
o v	0.0	93	3139	1293	0.0
o t	0.0	218	3139	7225	0.0
u f	0.0	97	3906	1162	0.0
s o	0.0	148	3396	3139	0.0
ɡ ʁ	0.0	111	1441	4222	0.0
o p	0.0	89	3139	1281	0.0
t u	0.0	232	7225	3906	0.0
i b	0.0	109	6112	1036	0.0
u d	0.0	112	3906	1723	0.0
o k	0.0	124	3139	2775	0.0
o z	0.0	70	3139	933	0.0
a b	0.0	145	12276	1036	0.0
p ʁ	0.0	94	1281	4222	0.0
t ʁ	0.0	221	7225	4222	0.0
u s	0.0	145	3906	3396	0.0
n t	0.0	206	3706	7225	0.0
ɡ j	0.0	68	1441	2073	0.0
j e	0.0	124	2073	4811	0.0
f u	0.0	83	1162	3906	0.0
i p	0.0	107	6112	1281	0.0
e z	0.0	78	4811	933	0.0
u k	0.0	121	3906	2775	0.0
u ʃ	0.0	89	3906	1558	0.0
k t	0.0	160	2775	7225	0.0
ʃ o	0.0	78	1558	3139	0.0
z u	0.0	67	933	3906	0.0
k ʁ	0.0	119	2775	4222	0.0
u v	0.0	74	3906	1293	0.0
s p	0.0	68	3396	1281	0.0
n d	0.0	81	3706	1723	0.0
a a	0.0	391	12276	12276	0.0
a p	0.0	124	12276	1281	0.0
o χ	0.0	81	3139	2207	0.0
ʁ ɡ	0.0	74	4222	1441	0.0
z o	0.0	51	933	3139	0.0
k l	0.0	83	2775	2824	0.0
o s	0.0	96	3139	3396	0.0
d ʁ	0.0	74	1723	4222	0.0
f ʁ	0.0	60	1162	4222	0.0
b ʁ	0.0	56	1036	4222	0.0
u z	0.0	51	3906	933	0.0
k s	0.0	82	2775	3396	0.0
e j	0.0	84	4811	2073	0.0
o ʃ	0.0	58	3139	1558	0.0
ʁ j	0.0	77	4222	2073	0.0
u j	0.0	73	3906	2073	0.0
ʁ b	0.0	53	4222	1036	0.0
ʃ t	0.0	85	1558	7225	0.0
ɡ l	0.0	51	1441	2824	0.0
p l	0.0	48	1281	2824	0.0
s k	0.0	77	3396	2775	0.0
h o	0.0	53	1482	3139	0.0
a w	0.0	16	12276	35	0.0
o b	0.0	44	3139	1036	0.0
u χ	0.0	71	3906	2207	0.0
u ɡ	0.0	57	3906	1441	0.0
ʁ k	0.0	80	4222	2775	0.0
χ l	0.0	58	2207	2824	0.0
e w	0.0	9	4811	35	0.004
ʁ t	0.0	120	4222	7225	0.0
n ɡ	0.0	50	3706	1441	0.0
b l	0.0	37	1036	2824	0.0
ʁ d	0.0	58	4222	1723	0.0
e h	0.0	57	4811	1482	0.0
d j	0.0	40	1723	2073	0.0
f l	0.0	37	1162	2824	0.0
ʒ i	0.0	12	57	6112	0.0
a ʒ	0.0	17	12276	57	0.0
v ʁ	0.0	47	1293	4222	0.0
ʁ χ	0.0	61	4222	2207	0.0
f j	0.0	31	1162	2073	0.0
v o	0.0	40	1293	3139	0.0
m b	0.0	38	3577	1036	0.0
m p	0.0	42	3577	1281	0.0
ʃ l	0.0	41	1558	2824	0.0
h u	0.0	47	1482	3906	0.0
χ ʃ	0.0	36	2207	1558	0.0
s χ	0.0	53	3396	2207	0.0
ʃ k	0.0	40	1558	2775	0.0
a h	0.0	82	12276	1482	0.0
u a	0.0	133	3906	12276	0.0
ʃ m	0.0	45	1558	3577	0.0
ɡ z	0.0	22	1441	933	0.0
p s	0.0	39	1281	3396	0.0
s f	0.0	37	3396	1162	0.0
ʁ m	0.0	72	4222	3577	0.0
n j	0.0	51	3706	2073	0.0
t χ	0.0	73	7225	2207	0.0
s l	0.0	56	3396	2824	0.0
k v	0.0	33	2775	1293	0.0
j i	0.0	61	2073	6112	0.0
e a	0.0	131	4811	12276	0.0
ʁ p	0.0	39	4222	1281	0.0
ʒ o	0.0	7	57	3139	0.016
ɡ d	0.0	26	1441	1723	0.0
z ʁ	0.0	32	933	4222	0.0
w t	0.0	8	35	7225	0.008
u b	0.0	32	3906	1036	0.0
l j	0.0	38	2824	2073	0.0
χ b	0.0	23	2207	1036	0.0
p t	0.0	46	1281	7225	0.0
k d	0.0	33	2775	1723	0.0
z d	0.0	19	933	1723	0.0
n s	0.0	53	3706	3396	0.0
e o	0.0	58	4811	3139	0.0
ɡ v	0.0	20	1441	1293	0.0
i a	0.0	126	6112	12276	0.0
t p	0.0	44	7225	1281	0.0
z j	0.0	20	933	2073	0.0
s m	0.0	50	3396	3577	0.0
t b	0.0	39	7225	1036	0.0
ʃ p	0.0	20	1558	1281	0.0
v l	0.0	27	1293	2824	0.0
ʃ v	0.0	20	1558	1293	0.0
s ʁ	0.0	53	3396	4222	0.0
s b	0.0	26	3396	1036	0.0
χ ʁ	0.0	42	2207	4222	0.0
l t	0.0	62	2824	7225	0.0
z m	0.0	25	933	3577	0.0
ɡ m	0.0	31	1441	3577	0.0
ʃ χ	0.0	25	1558	2207	0.0
l ɡ	0.0	27	2824	1441	0.0
ʒ e	0.0	7	57	4811	0.016
ɡ w	0.0	3	1441	35	0.25
l m	0.0	42	2824	3577	0.0
t n	0.0	68	7225	3706	0.0
f t	0.0	38	1162	7225	0.0
t ʃ	0.0	44	7225	1558	0.0
n k	0.0	42	3706	2775	0.0
w i	0.0	6	35	6112	0.031
t j	0.0	50	7225	2073	0.0
e p	0.0	32	4811	1281	0.0
ʁ v	0.0	30	4222	1293	0.0
l χ	0.0	32	2824	2207	0.0
t k	0.0	57	7225	2775	0.0
ʒ u	0.0	6	57	3906	0.031
s v	0.0	26	3396	1293	0.0
χ m	0.0	34	2207	3577	0.0
ʒ a	0.0	10	57	12276	0.002
z k	0.0	19	933	2775	0.0
e i	0.0	64	4811	6112	0.0
ʃ ʁ	0.0	30	1558	4222	0.0
k f	0.0	21	2775	1162	0.0
χ s	0.0	32	2207	3396	0.0
ʁ n	0.0	46	4222	3706	0.0
o h	0.0	25	3139	1482	0.0
χ z	0.0	16	2207	933	0.0
l b	0.0	19	2824	1036	0.0
w n	0.0	4	35	3706	0.125
l k	0.0	31	2824	2775	0.0
ʃ b	0.0	14	1558	1036	0.0
v j	0.0	18	1293	2073	0.0
t m	0.0	54	7225	3577	0.0
f s	0.0	21	1162	3396	0.0
ʁ ʃ	0.0	27	4222	1558	0.0
l d	0.0	23	2824	1723	0.0
w ʁ	0.0	4	35	4222	0.125
ɡ n	0.0	24	1441	3706	0.0
k ʃ	0.0	21	2775	1558	0.0
f k	0.0	18	1162	2775	0.0
l ʃ	0.0	21	2824	1558	0.0
l f	0.0	18	2824	1162	0.0
χ n	0.0	28	2207	3706	0.0
ʁ s	0.0	37	4222	3396	0.0
v χ	0.0	16	1293	2207	0.0
m t	0.0	47	3577	7225	0.0
z b	0.0	9	933	1036	0.004
s ɡ	0.0	20	3396	1441	0.0
χ t	0.0	36	2207	7225	0.0
b j	0.0	13	1036	2073	0.0
m j	0.0	24	3577	2073	0.0
d χ	0.0	17	1723	2207	0.0
d v	0.0	13	1723	1293	0.0
o a	0.0	54	3139	12276	0.0
t ɡ	0.0	28	7225	1441	0.0
t l	0.0	39	7225	2824	0.0
ʁ z	0.0	17	4222	933	0.0
t v	0.0	26	7225	1293	0.0
χ v	0.0	14	2207	1293	0.0
s d	0.0	20	3396	1723	0.0
k b	0.0	14	2775	1036	0.0
b d	0.0	11	1036	1723	0.001
n f	0.0	17	3706	1162	0.0
ɡ b	0.0	10	1441	1036	0.002
e u	0.0	35	4811	3906	0.0
d m	0.0	20	1723	3577	0.0
i u	0.0	39	6112	3906	0.0
p j	0.0	13	1281	2073	0.0
v h	0.0	11	1293	1482	0.001
l p	0.0	15	2824	1281	0.0
v t	0.0	24	1293	7225	0.0
l v	0.0	15	2824	1293	0.0
k n	0.0	25	2775	3706	0.0
m ʁ	0.0	30	3577	4222	0.0
d l	0.0	17	1723	2824	0.0
a u	0.0	53	12276	3906	0.0
m l	0.0	24	3577	2824	0.0
n z	0.0	14	3706	933	0.0
m χ	0.0	21	3577	2207	0.0
o j	0.0	19	3139	2073	0.0
f ʃ	0.0	10	1162	1558	0.002
ʃ f	0.0	10	1558	1162	0.002
i h	0.0	22	6112	1482	0.0
v n	0.0	16	1293	3706	0.0
z v	0.0	8	933	1293	0.008
m d	0.0	18	3577	1723	0.0
χ p	0.0	12	2207	1281	0.0
v ʃ	0.0	10	1293	1558	0.002
z n	0.0	13	933	3706	0.0
d ɡ	0.0	11	1723	1441	0.001
f ɡ	0.0	9	1162	1441	0.004
j d	0.0	13	2073	1723	0.0
m ʃ	0.0	16	3577	1558	0.0
z l	0.0	11	933	2824	0.001
ʁ f	0.0	15	4222	1162	0.0
ʃ n	0.0	16	1558	3706	0.0
n χ	0.0	19	3706	2207	0.0
b χ	0.0	10	1036	2207	0.002
p χ	0.0	11	1281	2207	0.001
k w	0.0	2	2775	35	0.5
p k	0.0	12	1281	2775	0.0
k m	0.0	20	2775	3577	0.0
b t	0.0	17	1036	7225	0.0
s n	0.0	22	3396	3706	0.0
ʃ d	0.0	10	1558	1723	0.002
w a	0.0	4	35	12276	0.125
k χ	0.0	15	2775	2207	0.0
w o	0.0	2	35	3139	0.5
v d	0.0	9	1293	1723	0.004
d b	0.0	8	1723	1036	0.008
k p	0.0	11	2775	1281	0.001
u p	0.0	13	3906	1281	0.0
j n	0.0	16	2073	3706	0.0
j t	0.0	22	2073	7225	0.0
o e	0.0	22	3139	4811	0.0
w z	0.0	1	35	933	1.0
t f	0.0	16	7225	1162	0.0
p n	0.0	12	1281	3706	0.0
ɡ ʃ	0.0	8	1441	1558	0.008
ʃ ɡ	0.0	8	1558	1441	0.008
f n	0.0	11	1162	3706	0.001
w b	0.0	1	35	1036	1.0
χ j	0.0	11	2207	2073	0.001
n h	0.0	12	3706	1482	0.0
d k	0.0	11	1723	2775	0.001
n v	0.0	11	3706	1293	0.001
w f	0.0	1	35	1162	1.0
m f	0.0	10	3577	1162	0.002
j s	0.0	13	2073	3396	0.0
z χ	0.0	7	933	2207	0.016
χ k	0.0	12	2207	2775	0.0
b s	0.0	9	1036	3396	0.004
v k	0.0	9	1293	2775	0.004
a o	0.0	29	12276	3139	0.0
j l	0.0	11	2073	2824	0.001
a i	0.0	39	12276	6112	0.0
w ɡ	0.0	1	35	1441	1.0
p ɡ	0.0	6	1281	1441	0.031
d h	0.0	7	1723	1482	0.016
p ʃ	0.0	6	1281	1558	0.031
j χ	0.0	9	2073	2207	0.004
n ʃ	0.0	10	3706	1558	0.002
b k	0.0	7	1036	2775	0.016
m n	0.0	15	3577	3706	0.0
χ d	0.0	8	2207	1723	0.008
w d	0.0	1	35	1723	1.0
p d	0.0	6	1281	1723	0.031
j f	0.0	6	2073	1162	0.031
f χ	0.0	6	1162	2207	0.031
e e	0.0	18	4811	4811	0.0
j m	0.0	10	2073	3577	0.002
v z	0.0	4	1293	933	0.125
e b	0.0	8	4811	1036	0.008
l s	0.0	11	2824	3396	0.001
f d	0.0	5	1162	1723	0.062
z ɡ	0.0	4	933	1441	0.125
i ʒ	0.0	2	6112	57	0.5
d p	0.0	5	1723	1281	0.062
j ʃ	0.0	6	2073	1558	0.031
w k	0.0	1	35	2775	1.0
d n	0.0	8	1723	3706	0.008
ɡ s	0.0	7	1441	3396	0.016
ɡ f	0.0	4	1441	1162	0.125
n b	0.0	6	3706	1036	0.031
j v	0.0	5	2073	1293	0.062
o i	0.0	13	3139	6112	0.0
k j	0.0	7	2775	2073	0.016
j k	0.0	7	2073	2775	0.016
s w	0.0	1	3396	35	1.0
j z	0.0	4	2073	933	0.125
m k	0.0	9	3577	2775	0.004
d f	0.0	4	1723	1162	0.125
w m	0.0	1	35	3577	1.0
p z	0.0	3	1281	933	0.25
m z	0.0	5	3577	933	0.062
j b	0.0	4	2073	1036	0.125
m s	0.0	9	3577	3396	0.004
ʒ k	0.0	1	57	2775	1.0
χ f	0.0	4	2207	1162	0.125
d ʃ	0.0	4	1723	1558	0.125
b ʃ	0.0	3	1036	1558	0.25
ʁ l	0.0	8	4222	2824	0.008
o o	0.0	7	3139	3139	0.016
m h	0.0	5	3577	1482	0.062
i w	0.0	1	6112	35	1.0
u ʒ	0.0	1	3906	57	1.0
b z	0.0	2	1036	933	0.5
e ʒ	0.0	1	4811	57	1.0
v s	0.0	4	1293	3396	0.125
l z	0.0	3	2824	933	0.25
n p	0.0	4	3706	1281	0.125
t h	0.0	6	7225	1482	0.031
s h	0.0	4	3396	1482	0.125
m ɡ	0.0	4	3577	1441	0.125
j ɡ	0.0	3	2073	1441	0.25
t d	0.0	6	7225	1723	0.031
ʃ j	0.0	3	1558	2073	0.25
u i	0.0	8	3906	6112	0.008
t z	0.0	4	7225	933	0.125
b n	0.0	3	1036	3706	0.25
i e	0.0	8	6112	4811	0.008
l h	0.0	3	2824	1482	0.25
v ɡ	0.0	2	1293	1441	0.5
a e	0.0	11	12276	4811	0.001
ʃ h	0.0	2	1558	1482	0.5
u e	0.0	5	3906	4811	0.062
i i	0.0	7	6112	6112	0.016
i o	0.0	5	6112	3139	0.062
ɡ χ	0.0	2	1441	2207	0.5
j ʁ	0.0	3	2073	4222	0.25
f z	0.0	1	1162	933	1.0
z f	0.0	1	933	1162	1.0
u o	0.0	3	3906	3139	0.25
z h	0.0	1	933	1482	1.0
ʃ z	0.0	1	1558	933	1.0
b ɡ	0.0	1	1036	1441	1.0
ʁ h	0.0	2	4222	1482	0.5
z t	0.0	2	933	7225	0.5
n ʁ	0.0	3	3706	4222	0.25
ɡ p	0.0	1	1441	1281	1.0
ɡ h	0.0	1	1441	1482	1.0
k z	0.0	1	2775	933	1.0
l n	0.0	2	2824	3706	0.5
j p	0.0	1	2073	1281	1.0
χ h	0.0	1	2207	1482	1.0
n m	0.0	2	3706	3577	0.5
k h	0.0	1	2775	1482	1.0
m v	0.0	1	3577	1293	1.0
d s	0.0	1	1723	3396	1.0
ɡ t	0.0	1	1441	7225	1.0
d t	0.0	1	1723	7225	1.0
u u	0.0	1	3906	3906	1.0
