ngram	insep	N(C1C2)	N(C1)	N(C2)	p(C1C2)
ŋ g	2.58	356	3688	2682	0.0
ŋ s	0.33	157	3688	4089	0.0
s t	0.25	143	4089	4065	0.0
p r	0.24	150	3057	6115	0.0
b r	0.21	126	2518	6115	0.0
t r	0.19	154	4065	6115	0.0
mp l	0.19	45	462	4689	0.0
nt r	0.16	54	583	6115	0.0
k s	0.1	101	4915	4089	0.0
b l	0.09	72	2518	4689	0.0
p l	0.09	78	3057	4689	0.0
n s	0.08	64	2548	4089	0.0
ŋ c	0.07	43	3688	1408	0.0
mb r	0.07	31	444	6115	0.0
mb l	0.07	27	444	4689	0.0
ŋk r	0.07	35	598	6115	0.0
mp r	0.06	30	462	6115	0.0
n f	0.05	7	2548	73	0.016
nd r	0.05	30	590	6115	0.0
ŋ p	0.05	51	3688	3057	0.0
ŋ h	0.05	43	3688	2240	0.0
ŋ b	0.04	44	3688	2518	0.0
ŋk l	0.04	24	598	4689	0.0
ŋ d	0.04	37	3688	1973	0.0
r t	0.04	67	6115	4065	0.0
c l	0.04	34	1408	4689	0.0
ɲc l	0.04	16	312	4689	0.0
ŋ t	0.03	50	3688	4065	0.0
ʔ m	0.03	5	65	2308	0.062
ŋ ɟ	0.03	26	3688	1105	0.0
k t	0.03	56	4915	4065	0.0
z h	0.03	1	3	2240	1.0
g r	0.03	48	2682	6115	0.0
ɲc r	0.03	16	312	6115	0.0
s m	0.03	35	4089	2308	0.0
c r	0.03	33	1408	6115	0.0
r d	0.02	37	6115	1973	0.0
k r	0.02	57	4915	6115	0.0
r m	0.02	39	6115	2308	0.0
ŋ l	0.02	41	3688	4689	0.0
r n	0.02	38	6115	2548	0.0
r s	0.02	48	6115	4089	0.0
b j	0.02	13	2518	770	0.0
d r	0.02	32	1973	6115	0.0
s r	0.02	46	4089	6115	0.0
s p	0.02	31	4089	3057	0.0
h m	0.01	19	2240	2308	0.0
n v	0.01	2	2548	23	0.5
z k	0.01	1	3	4915	1.0
ɟ r	0.01	21	1105	6115	0.0
k l	0.01	38	4915	4689	0.0
s w	0.01	17	4089	1137	0.0
ŋ r	0.01	36	3688	6115	0.0
g ɟ	0.01	13	2682	1105	0.0
ɲɟ r	0.01	7	147	6115	0.016
ʔ l	0.01	4	65	4689	0.125
r w	0.01	19	6115	1137	0.0
s k	0.01	32	4089	4915	0.0
g d	0.01	16	2682	1973	0.0
h w	0.01	11	2240	1137	0.001
g f	0.01	3	2682	73	0.25
r g	0.01	26	6115	2682	0.0
r b	0.01	25	6115	2518	0.0
ɟ l	0.01	14	1105	4689	0.0
k c	0.01	15	4915	1408	0.0
k b	0.01	20	4915	2518	0.0
d ʔ	0.01	2	1973	65	0.5
r ɟ	0.01	14	6115	1105	0.0
h k	0.01	17	2240	4915	0.0
mp j	0.01	3	462	770	0.25
ʔ b	0.0	2	65	2518	0.5
h l	0.0	16	2240	4689	0.0
ʔ n	0.0	2	65	2548	0.5
r k	0.0	26	6115	4915	0.0
k w	0.0	11	4915	1137	0.001
p j	0.0	7	3057	770	0.016
h c	0.0	8	2240	1408	0.008
ʔ j	0.0	1	65	770	1.0
h d	0.0	9	2240	1973	0.004
m l	0.0	14	2308	4689	0.0
ŋ m	0.0	12	3688	2308	0.0
r c	0.0	12	6115	1408	0.0
d j	0.0	5	1973	770	0.062
p s	0.0	14	3057	4089	0.0
h j	0.0	5	2240	770	0.062
h r	0.0	14	2240	6115	0.0
ʔ ɟ	0.0	1	65	1105	1.0
p t	0.0	13	3057	4065	0.0
ʔ w	0.0	1	65	1137	1.0
g l	0.0	13	2682	4689	0.0
s l	0.0	16	4089	4689	0.0
ɲɟ l	0.0	3	147	4689	0.25
k g	0.0	13	4915	2682	0.0
h p	0.0	9	2240	3057	0.004
f l	0.0	2	73	4689	0.5
h n	0.0	8	2240	2548	0.008
d w	0.0	5	1973	1137	0.062
l d	0.0	10	4689	1973	0.002
m s	0.0	10	2308	4089	0.002
r h	0.0	12	6115	2240	0.0
r p	0.0	14	6115	3057	0.0
ʔ r	0.0	2	65	6115	0.5
r ʔ	0.0	2	6115	65	0.5
l j	0.0	6	4689	770	0.031
m j	0.0	4	2308	770	0.125
f r	0.0	2	73	6115	0.5
r f	0.0	2	6115	73	0.5
r l	0.0	16	6115	4689	0.0
k m	0.0	10	4915	2308	0.002
k d	0.0	9	4915	1973	0.004
n p	0.0	8	2548	3057	0.008
h g	0.0	7	2240	2682	0.016
k p	0.0	11	4915	3057	0.001
s b	0.0	9	4089	2518	0.004
ʔ d	0.0	1	65	1973	1.0
l m	0.0	9	4689	2308	0.004
r v	0.0	1	6115	23	1.0
m r	0.0	10	2308	6115	0.002
f d	0.0	1	73	1973	1.0
l b	0.0	9	4689	2518	0.004
t m	0.0	8	4065	2308	0.008
t n	0.0	8	4065	2548	0.008
m f	0.0	1	2308	73	1.0
ŋ j	0.0	4	3688	770	0.125
m d	0.0	5	2308	1973	0.062
g b	0.0	6	2682	2518	0.031
r j	0.0	5	6115	770	0.062
ŋ n	0.0	7	3688	2548	0.016
f g	0.0	1	73	2682	1.0
g t	0.0	7	2682	4065	0.016
ʔ s	0.0	1	65	4089	1.0
h ɟ	0.0	3	2240	1105	0.25
l k	0.0	9	4689	4915	0.004
s n	0.0	6	4089	2548	0.031
t f	0.0	1	4065	73	1.0
t l	0.0	8	4065	4689	0.008
f s	0.0	1	73	4089	1.0
l f	0.0	1	4689	73	1.0
t j	0.0	3	4065	770	0.25
k n	0.0	6	4915	2548	0.031
b h	0.0	4	2518	2240	0.125
l s	0.0	7	4689	4089	0.016
l p	0.0	6	4689	3057	0.031
g c	0.0	3	2682	1408	0.25
d ɲ	0.0	1	1973	237	1.0
p c	0.0	3	3057	1408	0.25
d h	0.0	3	1973	2240	0.25
s ɟ	0.0	3	4089	1105	0.25
d m	0.0	3	1973	2308	0.25
h ɲ	0.0	1	2240	237	1.0
b d	0.0	3	2518	1973	0.25
h t	0.0	4	2240	4065	0.125
s h	0.0	4	4089	2240	0.125
h s	0.0	4	2240	4089	0.125
m h	0.0	3	2308	2240	0.25
ɟ m	0.0	2	1105	2308	0.5
m ɟ	0.0	2	2308	1105	0.5
l h	0.0	4	4689	2240	0.125
g h	0.0	3	2682	2240	0.25
b ɟ	0.0	2	2518	1105	0.5
n w	0.0	2	2548	1137	0.5
l c	0.0	3	4689	1408	0.25
n g	0.0	3	2548	2682	0.25
p h	0.0	3	3057	2240	0.25
n k	0.0	4	2548	4915	0.125
m c	0.0	2	2308	1408	0.5
p n	0.0	3	3057	2548	0.25
s d	0.0	3	4089	1973	0.25
ŋ w	0.0	2	3688	1137	0.5
j c	0.0	1	770	1408	1.0
t b	0.0	3	4065	2518	0.25
t w	0.0	2	4065	1137	0.5
k ɲ	0.0	1	4915	237	1.0
t k	0.0	4	4065	4915	0.125
ɟ w	0.0	1	1105	1137	1.0
l ɟ	0.0	2	4689	1105	0.5
l l	0.0	4	4689	4689	0.125
h b	0.0	2	2240	2518	0.5
s c	0.0	2	4089	1408	0.5
r ɲ	0.0	1	6115	237	1.0
m n	0.0	2	2308	2548	0.5
g m	0.0	2	2682	2308	0.5
p k	0.0	3	3057	4915	0.25
j h	0.0	1	770	2240	1.0
j n	0.0	1	770	2548	1.0
g p	0.0	2	2682	3057	0.5
g j	0.0	1	2682	770	1.0
j g	0.0	1	770	2682	1.0
l t	0.0	3	4689	4065	0.25
t h	0.0	2	4065	2240	0.5
m t	0.0	2	2308	4065	0.5
b s	0.0	2	2518	4089	0.5
t g	0.0	2	4065	2682	0.5
s g	0.0	2	4089	2682	0.5
d c	0.0	1	1973	1408	1.0
ɟ n	0.0	1	1105	2548	1.0
t p	0.0	2	4065	3057	0.5
s j	0.0	1	4089	770	1.0
d d	0.0	1	1973	1973	1.0
t s	0.0	2	4065	4089	0.5
s s	0.0	2	4089	4089	0.5
t ɟ	0.0	1	4065	1105	1.0
h h	0.0	1	2240	2240	1.0
d g	0.0	1	1973	2682	1.0
m m	0.0	1	2308	2308	1.0
l w	0.0	1	4689	1137	1.0
ɟ k	0.0	1	1105	4915	1.0
k ɟ	0.0	1	4915	1105	1.0
n h	0.0	1	2548	2240	1.0
t c	0.0	1	4065	1408	1.0
k k	0.0	2	4915	4915	0.5
b b	0.0	1	2518	2518	1.0
b n	0.0	1	2518	2548	1.0
n b	0.0	1	2548	2518	1.0
g n	0.0	1	2682	2548	1.0
l r	0.0	2	4689	6115	0.5
d s	0.0	1	1973	4089	1.0
p g	0.0	1	3057	2682	1.0
h ŋ	0.0	1	2240	3688	1.0
d l	0.0	1	1973	4689	1.0
b ŋ	0.0	1	2518	3688	1.0
d k	0.0	1	1973	4915	1.0
g s	0.0	1	2682	4089	1.0
m k	0.0	1	2308	4915	1.0
n l	0.0	1	2548	4689	1.0
g k	0.0	1	2682	4915	1.0
n r	0.0	1	2548	6115	1.0
t t	0.0	1	4065	4065	1.0
k ŋ	0.0	1	4915	3688	1.0
