ngram	insep	N(C1C2)	N(C1)	N(C2)	p(C1C2)
s t	0.9	8122	36779	31043	0.0
s kʲ	0.73	3166	36779	5776	0.0
s tʲ	0.44	5932	36779	33763	0.0
p rʲ	0.44	3377	24288	16772	0.0
p r	0.23	3643	24288	36443	0.0
t r	0.13	3085	31043	36443	0.0
tɕ n	0.12	1949	12898	37273	0.0
s k	0.11	2889	36779	30932	0.0
lʲ n	0.11	2354	20272	37273	0.0
f ɕ	0.1	367	5763	3580	0.0
t rʲ	0.1	1795	31043	16772	0.0
ɡ r	0.09	1418	9126	36443	0.0
n n	0.09	2794	37273	37273	0.0
z m	0.08	936	13880	12403	0.0
f k	0.07	909	5763	30932	0.0
t v	0.07	1912	31043	27065	0.0
b r	0.07	1187	9086	36443	0.0
ʂ k	0.05	820	6618	30932	0.0
ts kʲ	0.05	513	14887	5776	0.0
p l	0.05	1009	24288	14418	0.0
ɡ l	0.04	607	9126	14418	0.0
d n	0.04	1059	11859	37273	0.0
lʲ ɕ	0.04	427	20272	3580	0.0
t k	0.04	1544	31043	30932	0.0
b rʲ	0.04	596	9086	16772	0.0
s p	0.03	1407	36779	24288	0.0
b lʲ	0.03	631	9086	20272	0.0
z d	0.03	596	13880	11859	0.0
k r	0.03	1496	30932	36443	0.0
t n	0.03	1499	31043	37273	0.0
z vʲ	0.03	443	13880	7473	0.0
z n	0.03	989	13880	37273	0.0
n t	0.03	1466	37273	31043	0.0
ɡ rʲ	0.03	532	9126	16772	0.0
s vʲ	0.03	712	36779	7473	0.0
b l	0.03	469	9086	14418	0.0
ɣ ɡ	0.03	29	56	9126	0.0
t vʲ	0.02	605	31043	7473	0.0
p lʲ	0.02	881	24288	20272	0.0
s l	0.02	893	36779	14418	0.0
d r	0.02	802	11859	36443	0.0
f s	0.02	551	5763	36779	0.0
z ɡ	0.02	422	13880	9126	0.0
r n	0.02	1371	36443	37273	0.0
tɕ k	0.02	742	12898	30932	0.0
d nʲ	0.02	497	11859	16518	0.0
k rʲ	0.02	808	30932	16772	0.0
s pʲ	0.02	530	36779	6309	0.0
x l	0.02	282	4756	14418	0.0
z b	0.02	380	13880	9086	0.0
n k	0.02	1133	37273	30932	0.0
l k	0.02	671	14418	30932	0.0
k l	0.02	668	30932	14418	0.0
x lʲ	0.02	308	4756	20272	0.0
k lʲ	0.02	783	30932	20272	0.0
ʐ dʲ	0.01	176	5455	5952	0.0
t tɕ	0.01	603	31043	12898	0.0
s sʲ	0.01	384	36779	4787	0.0
ʐ n	0.01	409	5455	37273	0.0
lʲ nʲ	0.01	521	20272	16518	0.0
f t	0.01	378	5763	31043	0.0
d vʲ	0.01	264	11859	7473	0.0
v lʲ	0.01	656	27065	20272	0.0
z dʲ	0.01	254	13880	5952	0.0
ʐ nʲ	0.01	263	5455	16518	0.0
r s	0.01	1009	36443	36779	0.0
z v	0.01	526	13880	27065	0.0
d rʲ	0.01	382	11859	16772	0.0
r m	0.01	558	36443	12403	0.0
k t	0.01	809	30932	31043	0.0
v n	0.01	814	27065	37273	0.0
n s	0.01	936	37273	36779	0.0
d v	0.01	449	11859	27065	0.0
tɕ nʲ	0.01	360	12898	16518	0.0
x v	0.01	272	4756	27065	0.0
m n	0.01	515	12403	37273	0.0
z ʐ	0.01	208	13880	5455	0.0
ɡ lʲ	0.01	325	9126	20272	0.0
t nʲ	0.01	539	31043	16518	0.0
z mʲ	0.01	220	13880	6233	0.0
s lʲ	0.01	641	36779	20272	0.0
r t	0.01	789	36443	31043	0.0
f sʲ	0.01	122	5763	4787	0.0
ʂ lʲ	0.01	269	6618	20272	0.0
n d	0.01	487	37273	11859	0.0
r k	0.01	774	36443	30932	0.0
ʐ d	0.01	184	5455	11859	0.0
l lʲ	0.01	385	14418	20272	0.0
s s	0.01	821	36779	36779	0.0
ts t	0.01	475	14887	31043	0.0
s m	0.01	456	36779	12403	0.0
z nʲ	0.01	322	13880	16518	0.0
s n	0.01	787	36779	37273	0.0
ʂ nʲ	0.01	221	6618	16518	0.0
x r	0.01	278	4756	36443	0.0
n dʲ	0.01	311	37273	5952	0.0
r ʐ	0.01	294	36443	5455	0.0
d ʑ	0.01	5	11859	5	0.062
r ɕ	0.01	229	36443	3580	0.0
p ɕ	0.01	186	24288	3580	0.0
r ʂ	0.01	307	36443	6618	0.0
x n	0.01	260	4756	37273	0.0
nʲ kʲ	0.01	190	16518	5776	0.0
v z	0.01	377	27065	13880	0.0
d ɡ	0.01	202	11859	9126	0.0
n ts	0.01	457	37273	14887	0.0
s mʲ	0.01	293	36779	6233	0.0
z l	0.01	273	13880	14418	0.0
ɡ n	0.01	352	9126	37273	0.0
ʂ t	0.01	268	6618	31043	0.0
r xʲ	0.01	91	36443	650	0.0
r ɡ	0.01	336	36443	9126	0.0
ɡ nʲ	0.01	225	9126	16518	0.0
ʑ ʐ	0.01	3	5	5455	0.25
r nʲ	0.01	445	36443	16518	0.0
n tʲ	0.0	635	37273	33763	0.0
v nʲ	0.0	375	27065	16518	0.0
l l	0.0	254	14418	14418	0.0
m p	0.0	303	12403	24288	0.0
lʲ s	0.0	473	20272	36779	0.0
z bʲ	0.0	124	13880	3704	0.0
s tɕ	0.0	376	36779	12898	0.0
r mʲ	0.0	259	36443	6233	0.0
n nʲ	0.0	426	37273	16518	0.0
n tɕ	0.0	376	37273	12898	0.0
m b	0.0	182	12403	9086	0.0
d ʐ	0.0	137	11859	5455	0.0
r dʲ	0.0	249	36443	5952	0.0
s ts	0.0	384	36779	14887	0.0
b n	0.0	299	9086	37273	0.0
s nʲ	0.0	398	36779	16518	0.0
k sʲ	0.0	196	30932	4787	0.0
m lʲ	0.0	255	12403	20272	0.0
m nʲ	0.0	229	12403	16518	0.0
f fʲ	0.0	49	5763	1740	0.0
m pʲ	0.0	134	12403	6309	0.0
s x	0.0	197	36779	4756	0.0
x rʲ	0.0	133	4756	16772	0.0
p sʲ	0.0	155	24288	4787	0.0
r ɡʲ	0.0	127	36443	2211	0.0
d b	0.0	143	11859	9086	0.0
f r	0.0	198	5763	36443	0.0
n ɕ	0.0	157	37273	3580	0.0
d lʲ	0.0	209	11859	20272	0.0
r tɕ	0.0	292	36443	12898	0.0
ts vʲ	0.0	140	14887	7473	0.0
ʂ n	0.0	208	6618	37273	0.0
tɕ sʲ	0.0	104	12898	4787	0.0
n ɡ	0.0	242	37273	9126	0.0
f tɕ	0.0	113	5763	12898	0.0
m m	0.0	162	12403	12403	0.0
nʲ j	0.0	313	16518	36528	0.0
k s	0.0	429	30932	36779	0.0
r x	0.0	167	36443	4756	0.0
t lʲ	0.0	315	31043	20272	0.0
f lʲ	0.0	133	5763	20272	0.0
ɣ dʲ	0.0	7	56	5952	0.016
d dʲ	0.0	101	11859	5952	0.0
ʂ kʲ	0.0	74	6618	5776	0.0
t ʂ	0.0	170	31043	6618	0.0
r tʲ	0.0	415	36443	33763	0.0
k tʲ	0.0	382	30932	33763	0.0
m bʲ	0.0	80	12403	3704	0.0
t p	0.0	323	31043	24288	0.0
j s	0.0	431	36528	36779	0.0
z ɡʲ	0.0	65	13880	2211	0.0
z rʲ	0.0	179	13880	16772	0.0
p k	0.0	320	24288	30932	0.0
z lʲ	0.0	194	13880	20272	0.0
x m	0.0	87	4756	12403	0.0
f pʲ	0.0	67	5763	6309	0.0
ɣ d	0.0	9	56	11859	0.004
v r	0.0	345	27065	36443	0.0
n sʲ	0.0	146	37273	4787	0.0
p s	0.0	326	24288	36779	0.0
b mʲ	0.0	82	9086	6233	0.0
b ʐ	0.0	74	9086	5455	0.0
s xʲ	0.0	51	36779	650	0.0
j ʂ	0.0	162	36528	6618	0.0
b m	0.0	110	9086	12403	0.0
r b	0.0	187	36443	9086	0.0
k n	0.0	346	30932	37273	0.0
x t	0.0	123	4756	31043	0.0
f rʲ	0.0	98	5763	16772	0.0
f p	0.0	116	5763	24288	0.0
j n	0.0	361	36528	37273	0.0
f ʂ	0.0	60	5763	6618	0.0
r fʲ	0.0	77	36443	1740	0.0
ʂ p	0.0	122	6618	24288	0.0
r d	0.0	200	36443	11859	0.0
x nʲ	0.0	85	4756	16518	0.0
j k	0.0	319	36528	30932	0.0
n ɡʲ	0.0	86	37273	2211	0.0
d mʲ	0.0	81	11859	6233	0.0
k vʲ	0.0	143	30932	7473	0.0
x mʲ	0.0	51	4756	6233	0.0
d d	0.0	110	11859	11859	0.0
r kʲ	0.0	133	36443	5776	0.0
m mʲ	0.0	79	12403	6233	0.0
k v	0.0	259	30932	27065	0.0
d bʲ	0.0	59	11859	3704	0.0
f l	0.0	81	5763	14418	0.0
p n	0.0	267	24288	37273	0.0
z r	0.0	199	13880	36443	0.0
ʂ pʲ	0.0	56	6618	6309	0.0
b nʲ	0.0	106	9086	16518	0.0
k ts	0.0	185	30932	14887	0.0
f tʲ	0.0	117	5763	33763	0.0
t kʲ	0.0	111	31043	5776	0.0
m ɕ	0.0	55	12403	3580	0.0
sʲ mʲ	0.0	45	4787	6233	0.0
l ɡ	0.0	94	14418	9126	0.0
b vʲ	0.0	67	9086	7473	0.0
m k	0.0	156	12403	30932	0.0
ɣ z	0.0	7	56	13880	0.016
p t	0.0	218	24288	31043	0.0
l ʐ	0.0	69	14418	5455	0.0
r bʲ	0.0	90	36443	3704	0.0
s ʂ	0.0	120	36779	6618	0.0
lʲ t	0.0	191	20272	31043	0.0
r v	0.0	238	36443	27065	0.0
r sʲ	0.0	100	36443	4787	0.0
l t	0.0	160	14418	31043	0.0
l nʲ	0.0	116	14418	16518	0.0
p tɕ	0.0	133	24288	12898	0.0
t l	0.0	158	31043	14418	0.0
t pʲ	0.0	104	31043	6309	0.0
lʲ tɕ	0.0	120	20272	12898	0.0
d l	0.0	97	11859	14418	0.0
d m	0.0	89	11859	12403	0.0
n kʲ	0.0	107	37273	5776	0.0
p tʲ	0.0	206	24288	33763	0.0
n fʲ	0.0	57	37273	1740	0.0
l kʲ	0.0	64	14418	5776	0.0
r pʲ	0.0	106	36443	6309	0.0
s f	0.0	101	36779	5763	0.0
t x	0.0	84	31043	4756	0.0
t sʲ	0.0	84	31043	4787	0.0
s v	0.0	216	36779	27065	0.0
v rʲ	0.0	145	27065	16772	0.0
v l	0.0	134	27065	14418	0.0
ʐ ʐ	0.0	37	5455	5455	0.0
f kʲ	0.0	39	5763	5776	0.0
t ts	0.0	142	31043	14887	0.0
t t	0.0	205	31043	31043	0.0
v d	0.0	117	27065	11859	0.0
ʂ v	0.0	86	6618	27065	0.0
s fʲ	0.0	49	36779	1740	0.0
t mʲ	0.0	85	31043	6233	0.0
ɡ m	0.0	65	9126	12403	0.0
r p	0.0	180	36443	24288	0.0
d zʲ	0.0	29	11859	2018	0.0
r ts	0.0	138	36443	14887	0.0
d z	0.0	76	11859	13880	0.0
f x	0.0	31	5763	4756	0.0
n zʲ	0.0	51	37273	2018	0.0
r vʲ	0.0	97	36443	7473	0.0
l tɕ	0.0	80	14418	12898	0.0
r f	0.0	85	36443	5763	0.0
b dʲ	0.0	43	9086	5952	0.0
ʑ dʲ	0.0	1	5	5952	1.0
ʂ l	0.0	56	6618	14418	0.0
lʲ j	0.0	155	20272	36528	0.0
j nʲ	0.0	138	36528	16518	0.0
lʲ ts	0.0	95	20272	14887	0.0
d ɡʲ	0.0	28	11859	2211	0.0
v mʲ	0.0	71	27065	6233	0.0
p ʂ	0.0	69	24288	6618	0.0
j ɕ	0.0	61	36528	3580	0.0
t m	0.0	104	31043	12403	0.0
lʲ k	0.0	132	20272	30932	0.0
m tɕ	0.0	66	12403	12898	0.0
l d	0.0	68	14418	11859	0.0
m s	0.0	111	12403	36779	0.0
r z	0.0	116	36443	13880	0.0
p nʲ	0.0	103	24288	16518	0.0
l n	0.0	117	14418	37273	0.0
lʲ m	0.0	79	20272	12403	0.0
ɡ z	0.0	56	9126	13880	0.0
m f	0.0	42	12403	5763	0.0
ʂ m	0.0	45	6618	12403	0.0
z z	0.0	68	13880	13880	0.0
b j	0.0	89	9086	36528	0.0
n ʐ	0.0	69	37273	5455	0.0
l bʲ	0.0	35	14418	3704	0.0
x tʲ	0.0	60	4756	33763	0.0
ʑ b	0.0	1	5	9086	1.0
f f	0.0	27	5763	5763	0.0
ɕ n	0.0	54	3580	37273	0.0
vʲ j	0.0	77	7473	36528	0.0
r l	0.0	106	36443	14418	0.0
rʲ j	0.0	114	16772	36528	0.0
lʲ ʂ	0.0	53	20272	6618	0.0
k k	0.0	140	30932	30932	0.0
tɕ lʲ	0.0	73	12898	20272	0.0
n f	0.0	66	37273	5763	0.0
x s	0.0	59	4756	36779	0.0
pʲ j	0.0	67	6309	36528	0.0
l s	0.0	100	14418	36779	0.0
nʲ k	0.0	97	16518	30932	0.0
r zʲ	0.0	36	36443	2018	0.0
tɕ kʲ	0.0	36	12898	5776	0.0
s rʲ	0.0	103	36779	16772	0.0
z j	0.0	92	13880	36528	0.0
r lʲ	0.0	111	36443	20272	0.0
b ɡ	0.0	37	9086	9126	0.0
p p	0.0	98	24288	24288	0.0
p pʲ	0.0	49	24288	6309	0.0
m fʲ	0.0	18	12403	1740	0.0
lʲ fʲ	0.0	23	20272	1740	0.0
d j	0.0	78	11859	36528	0.0
dʲ j	0.0	55	5952	36528	0.0
ɡ zʲ	0.0	16	9126	2018	0.0
ʂ vʲ	0.0	26	6618	7473	0.0
lʲ tʲ	0.0	96	20272	33763	0.0
n xʲ	0.0	18	37273	650	0.0
tɕ t	0.0	73	12898	31043	0.0
p kʲ	0.0	43	24288	5776	0.0
p x	0.0	39	24288	4756	0.0
k nʲ	0.0	82	30932	16518	0.0
t tʲ	0.0	117	31043	33763	0.0
tʲ j	0.0	126	33763	36528	0.0
n vʲ	0.0	59	37273	7473	0.0
n ʂ	0.0	55	37273	6618	0.0
r ɣ	0.0	5	36443	56	0.062
l b	0.0	40	14418	9086	0.0
ts k	0.0	74	14887	30932	0.0
n z	0.0	78	37273	13880	0.0
b v	0.0	53	9086	27065	0.0
ɡ v	0.0	53	9126	27065	0.0
lʲ dʲ	0.0	37	20272	5952	0.0
j sʲ	0.0	44	36528	4787	0.0
r rʲ	0.0	80	36443	16772	0.0
n x	0.0	42	37273	4756	0.0
lʲ mʲ	0.0	35	20272	6233	0.0
lʲ z	0.0	52	20272	13880	0.0
s r	0.0	110	36779	36443	0.0
b d	0.0	31	9086	11859	0.0
lʲ f	0.0	32	20272	5763	0.0
ʂ mʲ	0.0	19	6618	6233	0.0
v vʲ	0.0	42	27065	7473	0.0
ʂ tʲ	0.0	44	6618	33763	0.0
lʲ vʲ	0.0	36	20272	7473	0.0
lʲ sʲ	0.0	28	20272	4787	0.0
ɣ ɡʲ	0.0	1	56	2211	1.0
z zʲ	0.0	15	13880	2018	0.0
ɣ b	0.0	2	56	9086	0.5
ɡ d	0.0	29	9126	11859	0.0
nʲ ʂ	0.0	29	16518	6618	0.0
j tɕ	0.0	60	36528	12898	0.0
x k	0.0	33	4756	30932	0.0
k tɕ	0.0	53	30932	12898	0.0
ɡ mʲ	0.0	20	9126	6233	0.0
p ts	0.0	50	24288	14887	0.0
b bʲ	0.0	15	9086	3704	0.0
lʲ ɡ	0.0	35	20272	9126	0.0
v zʲ	0.0	19	27065	2018	0.0
m ʂ	0.0	23	12403	6618	0.0
x vʲ	0.0	15	4756	7473	0.0
m kʲ	0.0	21	12403	5776	0.0
l m	0.0	33	14418	12403	0.0
zʲ j	0.0	21	2018	36528	0.0
v dʲ	0.0	31	27065	5952	0.0
sʲ j	0.0	32	4787	36528	0.0
l z	0.0	34	14418	13880	0.0
f n	0.0	35	5763	37273	0.0
ts mʲ	0.0	23	14887	6233	0.0
v m	0.0	43	27065	12403	0.0
x p	0.0	25	4756	24288	0.0
ɕ rʲ	0.0	18	3580	16772	0.0
tɕ rʲ	0.0	34	12898	16772	0.0
l tʲ	0.0	51	14418	33763	0.0
m r	0.0	49	12403	36443	0.0
x tɕ	0.0	18	4756	12898	0.0
r r	0.0	83	36443	36443	0.0
f ts	0.0	21	5763	14887	0.0
l dʲ	0.0	21	14418	5952	0.0
ʐ bʲ	0.0	10	5455	3704	0.002
ɕ nʲ	0.0	17	3580	16518	0.0
sʲ m	0.0	17	4787	12403	0.0
ɣ bʲ	0.0	1	56	3704	1.0
lʲ bʲ	0.0	19	20272	3704	0.0
k ʂ	0.0	31	30932	6618	0.0
j ts	0.0	50	36528	14887	0.0
b z	0.0	24	9086	13880	0.0
ʐ b	0.0	15	5455	9086	0.0
lʲ ɡʲ	0.0	14	20272	2211	0.0
j m	0.0	44	36528	12403	0.0
ʐ m	0.0	17	5455	12403	0.0
ɡ vʲ	0.0	17	9126	7473	0.0
j d	0.0	42	36528	11859	0.0
f m	0.0	17	5763	12403	0.0
s ɕ	0.0	23	36779	3580	0.0
ʂ s	0.0	31	6618	36779	0.0
bʲ j	0.0	23	3704	36528	0.0
l mʲ	0.0	18	14418	6233	0.0
p fʲ	0.0	12	24288	1740	0.0
ts l	0.0	27	14887	14418	0.0
ʐ lʲ	0.0	19	5455	20272	0.0
mʲ j	0.0	27	6233	36528	0.0
j mʲ	0.0	27	36528	6233	0.0
t fʲ	0.0	13	31043	1740	0.0
j dʲ	0.0	26	36528	5952	0.0
lʲ v	0.0	40	20272	27065	0.0
j b	0.0	31	36528	9086	0.0
lʲ b	0.0	23	20272	9086	0.0
ts m	0.0	23	14887	12403	0.0
j kʲ	0.0	24	36528	5776	0.0
l f	0.0	15	14418	5763	0.0
l vʲ	0.0	17	14418	7473	0.0
j t	0.0	55	36528	31043	0.0
l p	0.0	30	14418	24288	0.0
l ɡʲ	0.0	9	14418	2211	0.004
tɕ tʲ	0.0	33	12898	33763	0.0
tɕ m	0.0	20	12898	12403	0.0
t f	0.0	21	31043	5763	0.0
ʐ ɡ	0.0	11	5455	9126	0.001
lʲ d	0.0	24	20272	11859	0.0
ɡ ɡ	0.0	14	9126	9126	0.0
x f	0.0	8	4756	5763	0.008
lʲ pʲ	0.0	17	20272	6309	0.0
s j	0.0	55	36779	36528	0.0
b b	0.0	13	9086	9086	0.0
ts tʲ	0.0	32	14887	33763	0.0
m l	0.0	19	12403	14418	0.0
zʲ b	0.0	6	2018	9086	0.031
j ɣ	0.0	2	36528	56	0.5
l ɕ	0.0	10	14418	3580	0.002
ʐ r	0.0	19	5455	36443	0.0
k kʲ	0.0	18	30932	5776	0.0
f mʲ	0.0	8	5763	6233	0.008
m v	0.0	24	12403	27065	0.0
l xʲ	0.0	4	14418	650	0.125
v ɡ	0.0	20	27065	9126	0.0
rʲ mʲ	0.0	13	16772	6233	0.0
lʲ zʲ	0.0	8	20272	2018	0.008
x ʂ	0.0	7	4756	6618	0.016
ɡ dʲ	0.0	9	9126	5952	0.004
lʲ kʲ	0.0	13	20272	5776	0.0
ʂ tɕ	0.0	11	6618	12898	0.001
m sʲ	0.0	9	12403	4787	0.004
m ɡ	0.0	12	12403	9126	0.0
j tʲ	0.0	38	36528	33763	0.0
n v	0.0	34	37273	27065	0.0
tɕ v	0.0	20	12898	27065	0.0
m z	0.0	14	12403	13880	0.0
j lʲ	0.0	29	36528	20272	0.0
j l	0.0	24	36528	14418	0.0
v ɡʲ	0.0	8	27065	2211	0.008
l ʂ	0.0	10	14418	6618	0.002
v b	0.0	16	27065	9086	0.0
tɕ vʲ	0.0	10	12898	7473	0.002
m zʲ	0.0	5	12403	2018	0.062
lʲ p	0.0	22	20272	24288	0.0
tɕ ʂ	0.0	9	12898	6618	0.004
l x	0.0	8	14418	4756	0.008
v v	0.0	26	27065	27065	0.0
l pʲ	0.0	9	14418	6309	0.004
l v	0.0	18	14418	27065	0.0
j f	0.0	13	36528	5763	0.0
t xʲ	0.0	4	31043	650	0.125
ɡ b	0.0	8	9126	9086	0.008
fʲ j	0.0	7	1740	36528	0.016
ts lʲ	0.0	15	14887	20272	0.0
ɡ bʲ	0.0	5	9126	3704	0.062
x x	0.0	4	4756	4756	0.125
ʐ rʲ	0.0	8	5455	16772	0.008
j x	0.0	11	36528	4756	0.001
f ɡ	0.0	6	5763	9126	0.031
v ʐ	0.0	10	27065	5455	0.002
j r	0.0	30	36528	36443	0.0
j zʲ	0.0	7	36528	2018	0.016
dʲ m	0.0	7	5952	12403	0.016
l fʲ	0.0	4	14418	1740	0.125
n r	0.0	29	37273	36443	0.0
j ɡ	0.0	14	36528	9126	0.0
x kʲ	0.0	4	4756	5776	0.125
ʂ rʲ	0.0	8	6618	16772	0.008
k x	0.0	9	30932	4756	0.004
nʲ ɡ	0.0	9	16518	9126	0.004
x pʲ	0.0	4	4756	6309	0.125
m vʲ	0.0	7	12403	7473	0.016
k mʲ	0.0	10	30932	6233	0.002
k m	0.0	14	30932	12403	0.0
lʲ x	0.0	7	20272	4756	0.016
t j	0.0	24	31043	36528	0.0
n b	0.0	13	37273	9086	0.0
rʲ k	0.0	16	16772	30932	0.0
b zʲ	0.0	3	9086	2018	0.25
v bʲ	0.0	7	27065	3704	0.016
ʐ z	0.0	6	5455	13880	0.031
ʐ mʲ	0.0	4	5455	6233	0.125
dʲ b	0.0	5	5952	9086	0.062
p f	0.0	8	24288	5763	0.008
x sʲ	0.0	3	4756	4787	0.25
x ts	0.0	5	4756	14887	0.062
m dʲ	0.0	5	12403	5952	0.062
j z	0.0	13	36528	13880	0.0
sʲ k	0.0	7	4787	30932	0.016
sʲ kʲ	0.0	3	4787	5776	0.25
n p	0.0	17	37273	24288	0.0
zʲ mʲ	0.0	2	2018	6233	0.5
l zʲ	0.0	3	14418	2018	0.25
lʲ xʲ	0.0	2	20272	650	0.5
m t	0.0	10	12403	31043	0.002
ts tɕ	0.0	7	14887	12898	0.016
j fʲ	0.0	4	36528	1740	0.125
ʂ xʲ	0.0	1	6618	650	1.0
n j	0.0	17	37273	36528	0.0
x j	0.0	6	4756	36528	0.031
ʂ r	0.0	7	6618	36443	0.016
tɕ mʲ	0.0	4	12898	6233	0.125
j ɡʲ	0.0	4	36528	2211	0.125
f bʲ	0.0	2	5763	3704	0.5
dʲ bʲ	0.0	2	5952	3704	0.5
nʲ ʐ	0.0	4	16518	5455	0.125
v j	0.0	13	27065	36528	0.0
j v	0.0	13	36528	27065	0.0
ʐ v	0.0	5	5455	27065	0.062
b xʲ	0.0	1	9086	650	1.0
f nʲ	0.0	4	5763	16518	0.125
ts ʂ	0.0	4	14887	6618	0.125
n lʲ	0.0	11	37273	20272	0.001
tɕ x	0.0	3	12898	4756	0.25
d f	0.0	3	11859	5763	0.25
ʂ sʲ	0.0	2	6618	4787	0.5
m rʲ	0.0	5	12403	16772	0.062
tʲ b	0.0	6	33763	9086	0.031
k z	0.0	7	30932	13880	0.016
nʲ ɡʲ	0.0	2	16518	2211	0.5
m d	0.0	4	12403	11859	0.125
j pʲ	0.0	5	36528	6309	0.062
mʲ dʲ	0.0	2	6233	5952	0.5
sʲ b	0.0	2	4787	9086	0.5
nʲ dʲ	0.0	3	16518	5952	0.25
n l	0.0	7	37273	14418	0.016
ʂ fʲ	0.0	1	6618	1740	1.0
m ts	0.0	4	12403	14887	0.125
tʲ m	0.0	6	33763	12403	0.031
zʲ kʲ	0.0	1	2018	5776	1.0
ʐ ɡʲ	0.0	1	5455	2211	1.0
lʲ ʐ	0.0	3	20272	5455	0.25
rʲ s	0.0	7	16772	36779	0.016
rʲ m	0.0	4	16772	12403	0.125
k fʲ	0.0	2	30932	1740	0.5
ɡ p	0.0	4	9126	24288	0.125
ts p	0.0	5	14887	24288	0.062
tʲ fʲ	0.0	2	33763	1740	0.5
p ʐ	0.0	3	24288	5455	0.25
m x	0.0	2	12403	4756	0.5
p xʲ	0.0	1	24288	650	1.0
nʲ b	0.0	3	16518	9086	0.25
m ʐ	0.0	2	12403	5455	0.5
l sʲ	0.0	2	14418	4787	0.5
sʲ bʲ	0.0	1	4787	3704	1.0
t s	0.0	8	31043	36779	0.008
p m	0.0	4	24288	12403	0.125
ʐ l	0.0	2	5455	14418	0.5
k xʲ	0.0	1	30932	650	1.0
ɡ ɡʲ	0.0	1	9126	2211	1.0
ts r	0.0	5	14887	36443	0.062
nʲ d	0.0	3	16518	11859	0.25
ɕ mʲ	0.0	1	3580	6233	1.0
j xʲ	0.0	1	36528	650	1.0
l ts	0.0	3	14418	14887	0.25
rʲ kʲ	0.0	2	16772	5776	0.5
ɕ v	0.0	2	3580	27065	0.5
ʂ ts	0.0	2	6618	14887	0.5
ts nʲ	0.0	3	14887	16518	0.25
m ɡʲ	0.0	1	12403	2211	1.0
t ɕ	0.0	2	31043	3580	0.5
n m	0.0	4	37273	12403	0.125
k p	0.0	5	30932	24288	0.062
ʂ x	0.0	1	6618	4756	1.0
j bʲ	0.0	2	36528	3704	0.5
ts s	0.0	4	14887	36779	0.125
n bʲ	0.0	2	37273	3704	0.5
ts n	0.0	4	14887	37273	0.125
j p	0.0	5	36528	24288	0.062
rʲ b	0.0	2	16772	9086	0.5
n rʲ	0.0	4	37273	16772	0.125
ʐ vʲ	0.0	1	5455	7473	1.0
t d	0.0	3	31043	11859	0.25
f vʲ	0.0	1	5763	7473	1.0
k f	0.0	2	30932	5763	0.5
ts v	0.0	3	14887	27065	0.25
dʲ k	0.0	2	5952	30932	0.5
ɡ ʐ	0.0	1	9126	5455	1.0
tʲ dʲ	0.0	2	33763	5952	0.5
ts z	0.0	2	14887	13880	0.5
mʲ s	0.0	2	6233	36779	0.5
n mʲ	0.0	2	37273	6233	0.5
ʂ b	0.0	1	6618	9086	1.0
ɡ ʂ	0.0	1	9126	6618	1.0
l rʲ	0.0	2	14418	16772	0.5
zʲ k	0.0	1	2018	30932	1.0
tʲ k	0.0	4	33763	30932	0.125
j rʲ	0.0	3	36528	16772	0.25
f d	0.0	1	5763	11859	1.0
b k	0.0	2	9086	30932	0.5
ts sʲ	0.0	1	14887	4787	1.0
tʲ ɡʲ	0.0	1	33763	2211	1.0
tʲ s	0.0	4	33763	36779	0.125
ɕ p	0.0	1	3580	24288	1.0
v tɕ	0.0	2	27065	12898	0.5
v t	0.0	3	27065	31043	0.25
rʲ dʲ	0.0	1	16772	5952	1.0
nʲ mʲ	0.0	1	16518	6233	1.0
m tʲ	0.0	2	12403	33763	0.5
k ɕ	0.0	1	30932	3580	1.0
tɕ s	0.0	2	12898	36779	0.5
v sʲ	0.0	1	27065	4787	1.0
s bʲ	0.0	1	36779	3704	1.0
p dʲ	0.0	1	24288	5952	1.0
nʲ s	0.0	2	16518	36779	0.5
rʲ ɡ	0.0	1	16772	9126	1.0
v pʲ	0.0	1	27065	6309	1.0
ts d	0.0	1	14887	11859	1.0
v ʂ	0.0	1	27065	6618	1.0
k dʲ	0.0	1	30932	5952	1.0
t dʲ	0.0	1	31043	5952	1.0
tɕ l	0.0	1	12898	14418	1.0
tʲ f	0.0	1	33763	5763	1.0
k pʲ	0.0	1	30932	6309	1.0
ʐ j	0.0	1	5455	36528	1.0
nʲ m	0.0	1	16518	12403	1.0
kʲ j	0.0	1	5776	36528	1.0
rʲ tɕ	0.0	1	16772	12898	1.0
dʲ s	0.0	1	5952	36779	1.0
p ɡ	0.0	1	24288	9126	1.0
n pʲ	0.0	1	37273	6309	1.0
j vʲ	0.0	1	36528	7473	1.0
k b	0.0	1	30932	9086	1.0
t b	0.0	1	31043	9086	1.0
ɡ k	0.0	1	9126	30932	1.0
b s	0.0	1	9086	36779	1.0
s b	0.0	1	36779	9086	1.0
z p	0.0	1	13880	24288	1.0
d k	0.0	1	11859	30932	1.0
tʲ d	0.0	1	33763	11859	1.0
rʲ p	0.0	1	16772	24288	1.0
tʲ tɕ	0.0	1	33763	12898	1.0
tɕ r	0.0	1	12898	36443	1.0
ts j	0.0	1	14887	36528	1.0
nʲ r	0.0	1	16518	36443	1.0
lʲ r	0.0	1	20272	36443	1.0
v k	0.0	1	27065	30932	1.0
tʲ v	0.0	1	33763	27065	1.0
tʲ t	0.0	1	33763	31043	1.0
