ngram	insep	N(C1C2)	N(C1)	N(C2)	p(C1C2)
s t	0.49	9813	49598	53380	0.0
t ʃ	0.46	4970	53380	13627	0.0
n d	0.2	5344	60324	32326	0.0
n t	0.18	6546	60324	53380	0.0
n z	0.15	4340	60324	27786	0.0
t s	0.12	4792	53380	49598	0.0
ɹ z	0.11	4136	74792	27786	0.0
k s	0.08	3610	42433	49598	0.0
s k	0.08	3527	49598	42433	0.0
ŋ k	0.07	1499	9878	42433	0.0
ŋ g	0.07	824	9878	13518	0.0
p ɹ	0.07	2732	19633	74792	0.0
m p	0.07	1668	29267	19633	0.0
g ɹ	0.06	2174	13518	74792	0.0
n s	0.06	3692	60324	49598	0.0
k w	0.06	1276	42433	8818	0.0
t ɹ	0.06	4075	53380	74792	0.0
s p	0.05	1974	49598	19633	0.0
b ɹ	0.05	2424	21032	74792	0.0
ɹ d	0.05	2845	74792	32326	0.0
l z	0.04	2058	49308	27786	0.0
ɹ t	0.04	3437	74792	53380	0.0
l d	0.04	2065	49308	32326	0.0
k j	0.03	701	42433	5164	0.0
k l	0.03	2117	42433	49308	0.0
k ɹ	0.03	2517	42433	74792	0.0
d z	0.03	1338	32326	27786	0.0
p l	0.03	1387	19633	49308	0.0
m b	0.03	1080	29267	21032	0.0
h w	0.02	386	9248	8818	0.0
k t	0.02	1979	42433	53380	0.0
ɹ g	0.02	1322	74792	13518	0.0
b l	0.02	1305	21032	49308	0.0
f ɹ	0.02	1280	13694	74792	0.0
f l	0.02	987	13694	49308	0.0
ɹ m	0.02	1715	74792	29267	0.0
n dʒ	0.02	694	60324	6319	0.0
g l	0.02	869	13518	49308	0.0
ŋ z	0.01	509	9878	27786	0.0
ɹ k	0.01	1715	74792	42433	0.0
m j	0.01	367	29267	5164	0.0
m z	0.01	834	29267	27786	0.0
h j	0.01	202	9248	5164	0.0
b j	0.01	298	21032	5164	0.0
ɹ s	0.01	1741	74792	49598	0.0
ɹ n	0.01	1870	74792	60324	0.0
s w	0.01	577	49598	8818	0.0
p j	0.01	272	19633	5164	0.0
l t	0.01	1364	49308	53380	0.0
d ɹ	0.01	1282	32326	74792	0.0
f j	0.01	219	13694	5164	0.0
ɹ b	0.01	1027	74792	21032	0.0
ɹ θ	0.01	375	74792	2873	0.0
n j	0.01	447	60324	5164	0.0
l j	0.01	395	49308	5164	0.0
n f	0.01	693	60324	13694	0.0
p s	0.01	750	19633	49598	0.0
s l	0.01	1116	49598	49308	0.0
f s	0.01	575	13694	49598	0.0
g z	0.01	419	13518	27786	0.0
g w	0.01	230	13518	8818	0.0
p t	0.01	681	19633	53380	0.0
ɹ dʒ	0.01	455	74792	6319	0.0
l m	0.01	783	49308	29267	0.0
ɹ v	0.01	582	74792	10696	0.0
n b	0.01	707	60324	21032	0.0
s m	0.01	743	49598	29267	0.0
ɹ l	0.0	1158	74792	49308	0.0
l v	0.0	434	49308	10696	0.0
g j	0.0	157	13518	5164	0.0
l f	0.0	479	49308	13694	0.0
f t	0.0	482	13694	53380	0.0
v z	0.0	304	10696	27786	0.0
l b	0.0	563	49308	21032	0.0
k ʃ	0.0	410	42433	13627	0.0
ɹ f	0.0	538	74792	13694	0.0
n v	0.0	418	60324	10696	0.0
n h	0.0	383	60324	9248	0.0
z d	0.0	466	27786	32326	0.0
d w	0.0	261	32326	8818	0.0
t w	0.0	332	53380	8818	0.0
ɹ p	0.0	581	74792	19633	0.0
t l	0.0	775	53380	49308	0.0
v j	0.0	111	10696	5164	0.0
n θ	0.0	196	60324	2873	0.0
θ ɹ	0.0	218	2873	74792	0.0
d l	0.0	568	32326	49308	0.0
g n	0.0	400	13518	60324	0.0
ʃ w	0.0	151	13627	8818	0.0
l s	0.0	680	49308	49598	0.0
n k	0.0	688	60324	42433	0.0
n ʃ	0.0	377	60324	13627	0.0
l k	0.0	577	49308	42433	0.0
ɹ ʃ	0.0	389	74792	13627	0.0
θ w	0.0	60	2873	8818	0.0
ʃ m	0.0	229	13627	29267	0.0
θ s	0.0	136	2873	49598	0.0
ɹ w	0.0	273	74792	8818	0.0
dʒ d	0.0	151	6319	32326	0.0
b z	0.0	253	21032	27786	0.0
s b	0.0	330	49598	21032	0.0
v l	0.0	230	10696	49308	0.0
n w	0.0	224	60324	8818	0.0
d m	0.0	297	32326	29267	0.0
z m	0.0	274	27786	29267	0.0
t m	0.0	374	53380	29267	0.0
ʒ w	0.0	21	564	8818	0.0
ʃ t	0.0	251	13627	53380	0.0
d v	0.0	170	32326	10696	0.0
z b	0.0	215	27786	21032	0.0
ɹ h	0.0	230	74792	9248	0.0
l w	0.0	182	49308	8818	0.0
s n	0.0	470	49598	60324	0.0
ŋ h	0.0	82	9878	9248	0.0
k m	0.0	299	42433	29267	0.0
s f	0.0	221	49598	13694	0.0
p ʃ	0.0	136	19633	13627	0.0
ɹ ð	0.0	53	74792	575	0.0
ŋ t	0.0	176	9878	53380	0.0
b s	0.0	243	21032	49598	0.0
l h	0.0	160	49308	9248	0.0
k h	0.0	148	42433	9248	0.0
l g	0.0	192	49308	13518	0.0
m f	0.0	147	29267	13694	0.0
ʃ l	0.0	187	13627	49308	0.0
d h	0.0	124	32326	9248	0.0
d s	0.0	285	32326	49598	0.0
d b	0.0	184	32326	21032	0.0
g m	0.0	138	13518	29267	0.0
ʃ n	0.0	189	13627	60324	0.0
z w	0.0	102	27786	8818	0.0
ŋ l	0.0	143	9878	49308	0.0
ʃ ɹ	0.0	206	13627	74792	0.0
l p	0.0	199	49308	19633	0.0
t f	0.0	172	53380	13694	0.0
n l	0.0	343	60324	49308	0.0
m d	0.0	193	29267	32326	0.0
v d	0.0	116	10696	32326	0.0
ɹ ʒ	0.0	40	74792	564	0.0
n m	0.0	257	60324	29267	0.0
p f	0.0	99	19633	13694	0.0
d f	0.0	125	32326	13694	0.0
k n	0.0	298	42433	60324	0.0
m s	0.0	222	29267	49598	0.0
l θ	0.0	68	49308	2873	0.0
t n	0.0	323	53380	60324	0.0
d j	0.0	71	32326	5164	0.0
v ɹ	0.0	150	10696	74792	0.0
t h	0.0	117	53380	9248	0.0
z l	0.0	194	27786	49308	0.0
n g	0.0	146	60324	13518	0.0
t z	0.0	192	53380	27786	0.0
θ l	0.0	59	2873	49308	0.0
t j	0.0	82	53380	5164	0.0
m l	0.0	185	29267	49308	0.0
ʃ b	0.0	82	13627	21032	0.0
g d	0.0	98	13518	32326	0.0
l dʒ	0.0	82	49308	6319	0.0
d n	0.0	199	32326	60324	0.0
t k	0.0	214	53380	42433	0.0
θ j	0.0	17	2873	5164	0.0
n ɹ	0.0	290	60324	74792	0.0
ʃ j	0.0	36	13627	5164	0.0
dʒ j	0.0	24	6319	5164	0.0
k b	0.0	125	42433	21032	0.0
ð d	0.0	18	575	32326	0.0
k f	0.0	100	42433	13694	0.0
t b	0.0	137	53380	21032	0.0
b d	0.0	106	21032	32326	0.0
dʒ m	0.0	55	6319	29267	0.0
n p	0.0	134	60324	19633	0.0
d k	0.0	144	32326	42433	0.0
s h	0.0	82	49598	9248	0.0
ð z	0.0	15	575	27786	0.0
ʃ k	0.0	88	13627	42433	0.0
b w	0.0	48	21032	8818	0.0
p k	0.0	101	19633	42433	0.0
dʒ w	0.0	25	6319	8818	0.0
θ b	0.0	26	2873	21032	0.0
ʃ f	0.0	45	13627	13694	0.0
θ m	0.0	30	2873	29267	0.0
ŋ θ	0.0	17	9878	2873	0.0
f θ	0.0	20	13694	2873	0.0
p w	0.0	41	19633	8818	0.0
z n	0.0	127	27786	60324	0.0
m w	0.0	49	29267	8818	0.0
m k	0.0	105	29267	42433	0.0
ʒ j	0.0	5	564	5164	0.062
θ f	0.0	18	2873	13694	0.0
s θ	0.0	34	49598	2873	0.0
ŋ s	0.0	63	9878	49598	0.0
ʒ d	0.0	12	564	32326	0.0
k d	0.0	102	42433	32326	0.0
θ k	0.0	30	2873	42433	0.0
b dʒ	0.0	31	21032	6319	0.0
ŋ w	0.0	25	9878	8818	0.0
l n	0.0	138	49308	60324	0.0
ŋ b	0.0	36	9878	21032	0.0
ŋ d	0.0	44	9878	32326	0.0
v n	0.0	60	10696	60324	0.0
s g	0.0	61	49598	13518	0.0
ɹ j	0.0	46	74792	5164	0.0
p m	0.0	56	19633	29267	0.0
m h	0.0	38	29267	9248	0.0
f m	0.0	46	13694	29267	0.0
g s	0.0	59	13518	49598	0.0
s v	0.0	52	49598	10696	0.0
s j	0.0	36	49598	5164	0.0
t p	0.0	72	53380	19633	0.0
n ð	0.0	13	60324	575	0.0
l ʃ	0.0	57	49308	13627	0.0
ɹ ɹ	0.0	162	74792	74792	0.0
m n	0.0	91	29267	60324	0.0
ŋ ʃ	0.0	25	9878	13627	0.0
g h	0.0	24	13518	9248	0.0
ŋ m	0.0	36	9878	29267	0.0
m ɹ	0.0	96	29267	74792	0.0
v s	0.0	47	10696	49598	0.0
g b	0.0	34	13518	21032	0.0
b k	0.0	60	21032	42433	0.0
d ʃ	0.0	42	32326	13627	0.0
t g	0.0	53	53380	13518	0.0
v w	0.0	19	10696	8818	0.0
m t	0.0	77	29267	53380	0.0
s d	0.0	77	49598	32326	0.0
d p	0.0	48	32326	19633	0.0
b m	0.0	47	21032	29267	0.0
ŋ f	0.0	22	9878	13694	0.0
f n	0.0	54	13694	60324	0.0
f k	0.0	45	13694	42433	0.0
p h	0.0	25	19633	9248	0.0
g ʒ	0.0	5	13518	564	0.062
z v	0.0	31	27786	10696	0.0
l ɹ	0.0	109	49308	74792	0.0
p n	0.0	61	19633	60324	0.0
θ h	0.0	9	2873	9248	0.004
ð j	0.0	3	575	5164	0.25
k v	0.0	37	42433	10696	0.0
f w	0.0	19	13694	8818	0.0
θ n	0.0	22	2873	60324	0.0
k p	0.0	48	42433	19633	0.0
d g	0.0	34	32326	13518	0.0
f g	0.0	22	13694	13518	0.0
θ p	0.0	12	2873	19633	0.0
s ɹ	0.0	96	49598	74792	0.0
m g	0.0	30	29267	13518	0.0
d t	0.0	62	32326	53380	0.0
g f	0.0	20	13518	13694	0.0
z k	0.0	50	27786	42433	0.0
m ʃ	0.0	29	29267	13627	0.0
ʃ h	0.0	16	13627	9248	0.0
m θ	0.0	13	29267	2873	0.0
g dʒ	0.0	13	13518	6319	0.0
p g	0.0	22	19633	13518	0.0
θ d	0.0	13	2873	32326	0.0
t v	0.0	32	53380	10696	0.0
p b	0.0	27	19633	21032	0.0
ŋ dʒ	0.0	10	9878	6319	0.002
t dʒ	0.0	23	53380	6319	0.0
d θ	0.0	12	32326	2873	0.0
f h	0.0	14	13694	9248	0.0
ð m	0.0	5	575	29267	0.062
n ʒ	0.0	7	60324	564	0.016
k θ	0.0	13	42433	2873	0.0
p d	0.0	29	19633	32326	0.0
b h	0.0	16	21032	9248	0.0
s ʒ	0.0	6	49598	564	0.031
b v	0.0	17	21032	10696	0.0
θ t	0.0	14	2873	53380	0.0
v m	0.0	20	10696	29267	0.0
θ g	0.0	7	2873	13518	0.016
b n	0.0	40	21032	60324	0.0
z h	0.0	18	27786	9248	0.0
θ v	0.0	6	2873	10696	0.031
dʒ h	0.0	8	6319	9248	0.008
b t	0.0	35	21032	53380	0.0
dʒ l	0.0	18	6319	49308	0.0
s dʒ	0.0	18	49598	6319	0.0
t d	0.0	42	53380	32326	0.0
z p	0.0	23	27786	19633	0.0
dʒ k	0.0	16	6319	42433	0.0
p θ	0.0	7	19633	2873	0.016
z j	0.0	11	27786	5164	0.001
f b	0.0	15	13694	21032	0.0
ŋ j	0.0	6	9878	5164	0.031
p dʒ	0.0	9	19633	6319	0.004
t t	0.0	43	53380	53380	0.0
z t	0.0	31	27786	53380	0.0
z g	0.0	15	27786	13518	0.0
f d	0.0	16	13694	32326	0.0
v t	0.0	18	10696	53380	0.0
l ð	0.0	4	49308	575	0.125
ʃ v	0.0	9	13627	10696	0.004
g p	0.0	12	13518	19633	0.0
m v	0.0	13	29267	10696	0.0
f ʃ	0.0	10	13694	13627	0.002
z ɹ	0.0	33	27786	74792	0.0
t ð	0.0	4	53380	575	0.125
dʒ p	0.0	8	6319	19633	0.008
ʒ n	0.0	4	564	60324	0.125
k dʒ	0.0	11	42433	6319	0.001
ʃ d	0.0	14	13627	32326	0.0
g ʃ	0.0	9	13518	13627	0.004
dʒ f	0.0	6	6319	13694	0.031
θ ʃ	0.0	4	2873	13627	0.125
z f	0.0	12	27786	13694	0.0
ʒ k	0.0	3	564	42433	0.25
v k	0.0	13	10696	42433	0.0
k g	0.0	14	42433	13518	0.0
t θ	0.0	7	53380	2873	0.016
g t	0.0	15	13518	53380	0.0
f p	0.0	9	13694	19633	0.004
v θ	0.0	3	10696	2873	0.25
h ɹ	0.0	14	9248	74792	0.0
s s	0.0	26	49598	49598	0.0
dʒ s	0.0	9	6319	49598	0.004
v h	0.0	5	10696	9248	0.062
ŋ p	0.0	7	9878	19633	0.016
ʒ m	0.0	2	564	29267	0.5
θ dʒ	0.0	2	2873	6319	0.5
ð ɹ	0.0	3	575	74792	0.25
n n	0.0	27	60324	60324	0.0
ð w	0.0	1	575	8818	1.0
ʃ g	0.0	6	13627	13518	0.031
v g	0.0	5	10696	13518	0.062
dʒ ɹ	0.0	9	6319	74792	0.004
b ʃ	0.0	7	21032	13627	0.016
ŋ ɹ	0.0	11	9878	74792	0.001
v b	0.0	6	10696	21032	0.031
ð s	0.0	2	575	49598	0.5
m dʒ	0.0	5	29267	6319	0.062
dʒ n	0.0	7	6319	60324	0.016
b f	0.0	6	21032	13694	0.031
d dʒ	0.0	5	32326	6319	0.062
s ʃ	0.0	9	49598	13627	0.004
dʒ t	0.0	6	6319	53380	0.031
k z	0.0	11	42433	27786	0.001
m m	0.0	9	29267	29267	0.004
b p	0.0	6	21032	19633	0.031
ŋ v	0.0	3	9878	10696	0.25
ŋ n	0.0	7	9878	60324	0.016
h l	0.0	6	9248	49308	0.031
g k	0.0	6	13518	42433	0.031
ʃ p	0.0	4	13627	19633	0.125
v dʒ	0.0	2	10696	6319	0.5
dʒ v	0.0	2	6319	10696	0.5
j n	0.0	4	5164	60324	0.125
z dʒ	0.0	3	27786	6319	0.25
ʃ dʒ	0.0	2	13627	6319	0.5
dʒ ʃ	0.0	2	6319	13627	0.5
z s	0.0	8	27786	49598	0.008
f z	0.0	4	13694	27786	0.125
ʃ s	0.0	5	13627	49598	0.062
l ʒ	0.0	1	49308	564	1.0
ð l	0.0	1	575	49308	1.0
s ð	0.0	1	49598	575	1.0
b g	0.0	3	21032	13518	0.25
dʒ b	0.0	2	6319	21032	0.5
ð n	0.0	1	575	60324	1.0
j z	0.0	2	5164	27786	0.5
l l	0.0	8	49308	49308	0.008
g θ	0.0	1	13518	2873	1.0
d d	0.0	5	32326	32326	0.062
p p	0.0	3	19633	19633	0.25
dʒ z	0.0	2	6319	27786	0.5
j w	0.0	1	5164	8818	1.0
ɹ ŋ	0.0	4	74792	9878	0.125
f f	0.0	2	13694	13694	0.5
w s	0.0	3	8818	49598	0.25
k k	0.0	6	42433	42433	0.031
p v	0.0	2	19633	10696	0.5
v p	0.0	2	10696	19633	0.5
p z	0.0	3	19633	27786	0.25
h m	0.0	2	9248	29267	0.5
z ʃ	0.0	2	27786	13627	0.5
w n	0.0	2	8818	60324	0.5
g v	0.0	1	13518	10696	1.0
v ʃ	0.0	1	10696	13627	1.0
f v	0.0	1	13694	10696	1.0
v f	0.0	1	10696	13694	1.0
j d	0.0	1	5164	32326	1.0
w b	0.0	1	8818	21032	1.0
j s	0.0	1	5164	49598	1.0
j t	0.0	1	5164	53380	1.0
h n	0.0	1	9248	60324	1.0
w ɹ	0.0	1	8818	74792	1.0
s z	0.0	1	49598	27786	1.0
