ngram	insep	N(C1C2)	N(C1)	N(C2)	p(C1C2)
s t	0.56	7664	36515	36312	0.0
n t	0.23	4698	32884	36312	0.0
n d	0.23	3639	32884	21857	0.0
p ɹ	0.17	2440	16398	27149	0.0
n z	0.15	2797	32884	20631	0.0
t s	0.14	3803	36312	36515	0.0
t ɹ	0.13	3171	36312	27149	0.0
g ɹ	0.13	1328	6495	27149	0.0
k w	0.12	1033	23887	4774	0.0
m p	0.11	1481	15436	16398	0.0
k s	0.1	2678	23887	36515	0.0
n s	0.07	2663	32884	36515	0.0
s p	0.07	1791	36515	16398	0.0
s k	0.06	2087	36515	23887	0.0
ŋ g	0.06	555	9515	6495	0.0
l z	0.06	1663	29129	20631	0.0
k ɹ	0.06	1709	23887	27149	0.0
ŋ k	0.05	975	9515	23887	0.0
b l	0.05	1140	11438	29129	0.0
b ɹ	0.05	1085	11438	27149	0.0
k j	0.04	618	23887	4601	0.0
p l	0.04	1279	16398	29129	0.0
d z	0.04	1224	21857	20631	0.0
k t	0.04	1644	23887	36312	0.0
f l	0.04	921	9379	29129	0.0
m b	0.04	733	15436	11438	0.0
n j	0.04	663	32884	4601	0.0
f ɹ	0.03	795	9379	27149	0.0
l d	0.03	1234	29129	21857	0.0
n ɟʒ	0.02	500	32884	4002	0.0
k l	0.02	1149	23887	29129	0.0
d j	0.02	418	21857	4601	0.0
m z	0.02	730	15436	20631	0.0
t j	0.02	528	36312	4601	0.0
m j	0.02	320	15436	4601	0.0
p j	0.02	326	16398	4601	0.0
n cʃ	0.02	353	32884	2728	0.0
θ ɹ	0.02	235	1594	27149	0.0
s l	0.02	1155	36515	29129	0.0
g l	0.02	484	6495	29129	0.0
p s	0.01	838	16398	36515	0.0
d ɹ	0.01	834	21857	27149	0.0
g z	0.01	395	6495	20631	0.0
s w	0.01	429	36515	4774	0.0
f j	0.01	208	9379	4601	0.0
k ʃ	0.01	392	23887	6434	0.0
n f	0.01	532	32884	9379	0.0
ŋ z	0.01	421	9515	20631	0.0
b j	0.01	214	11438	4601	0.0
v z	0.01	323	6212	20631	0.0
p t	0.01	662	16398	36312	0.0
cʃ c	0.01	2	2728	2	0.5
l j	0.01	305	29129	4601	0.0
f t	0.01	474	9379	36312	0.0
n ʃ	0.01	347	32884	6434	0.0
n v	0.01	325	32884	6212	0.0
z d	0.01	458	20631	21857	0.0
h j	0.01	90	3880	4601	0.0
n θ	0.01	151	32884	1594	0.0
ð z	0.01	72	591	20631	0.0
g j	0.01	112	6495	4601	0.0
t l	0.01	662	36312	29129	0.0
l t	0.0	638	29129	36312	0.0
t w	0.0	257	36312	4774	0.0
l f	0.0	317	29129	9379	0.0
v j	0.0	100	6212	4601	0.0
n k	0.0	521	32884	23887	0.0
s n	0.0	643	36515	32884	0.0
ŋ l	0.0	302	9515	29129	0.0
s m	0.0	430	36515	15436	0.0
θ w	0.0	49	1594	4774	0.0
c ʃ	0.0	2	2	6434	0.5
d l	0.0	437	21857	29129	0.0
g w	0.0	94	6495	4774	0.0
g n	0.0	244	6495	32884	0.0
ɟʒ d	0.0	153	4002	21857	0.0
ɹ v	0.0	210	27149	6212	0.0
v l	0.0	213	6212	29129	0.0
θ s	0.0	119	1594	36515	0.0
n h	0.0	167	32884	3880	0.0
k cʃ	0.0	118	23887	2728	0.0
ɹ m	0.0	298	27149	15436	0.0
cʃ t	0.0	138	2728	36312	0.0
t h	0.0	163	36312	3880	0.0
ɹ k	0.0	331	27149	23887	0.0
f s	0.0	239	9379	36515	0.0
s cʃ	0.0	128	36515	2728	0.0
l v	0.0	170	29129	6212	0.0
s f	0.0	231	36515	9379	0.0
m d	0.0	228	15436	21857	0.0
b z	0.0	182	11438	20631	0.0
ɹ t	0.0	368	27149	36312	0.0
d w	0.0	119	21857	4774	0.0
ɹ ɟʒ	0.0	121	27149	4002	0.0
t f	0.0	213	36312	9379	0.0
v d	0.0	133	6212	21857	0.0
p ʃ	0.0	117	16398	6434	0.0
b s	0.0	229	11438	36515	0.0
ɹ θ	0.0	73	27149	1594	0.0
ɹ n	0.0	319	27149	32884	0.0
ɹ s	0.0	333	27149	36515	0.0
ɹ cʃ	0.0	91	27149	2728	0.0
z m	0.0	188	20631	15436	0.0
l b	0.0	191	29129	11438	0.0
ɹ d	0.0	247	27149	21857	0.0
l m	0.0	211	29129	15436	0.0
m f	0.0	119	15436	9379	0.0
d v	0.0	105	21857	6212	0.0
ɹ ð	0.0	36	27149	591	0.0
l k	0.0	233	29129	23887	0.0
t b	0.0	179	36312	11438	0.0
n l	0.0	267	32884	29129	0.0
n g	0.0	125	32884	6495	0.0
t m	0.0	200	36312	15436	0.0
l p	0.0	184	29129	16398	0.0
s h	0.0	100	36515	3880	0.0
ŋ h	0.0	51	9515	3880	0.0
ɹ b	0.0	146	27149	11438	0.0
s j	0.0	107	36515	4601	0.0
d b	0.0	130	21857	11438	0.0
g m	0.0	82	6495	15436	0.0
d h	0.0	73	21857	3880	0.0
z j	0.0	76	20631	4601	0.0
ð d	0.0	28	591	21857	0.0
θ j	0.0	21	1594	4601	0.0
k b	0.0	128	23887	11438	0.0
l s	0.0	246	29129	36515	0.0
ʃ t	0.0	115	6434	36312	0.0
cʃ b	0.0	42	2728	11438	0.0
d m	0.0	138	21857	15436	0.0
n w	0.0	94	32884	4774	0.0
b ɟʒ	0.0	50	11438	4002	0.0
ŋ b	0.0	77	9515	11438	0.0
p cʃ	0.0	49	16398	2728	0.0
ɟʒ m	0.0	57	4002	15436	0.0
cʃ m	0.0	47	2728	15436	0.0
θ f	0.0	28	1594	9379	0.0
n b	0.0	140	32884	11438	0.0
ŋ θ	0.0	28	9515	1594	0.0
g d	0.0	84	6495	21857	0.0
ʃ n	0.0	102	6434	32884	0.0
v n	0.0	100	6212	32884	0.0
n m	0.0	157	32884	15436	0.0
l ɟʒ	0.0	73	29129	4002	0.0
ŋ p	0.0	84	9515	16398	0.0
ʃ ɹ	0.0	88	6434	27149	0.0
l h	0.0	68	29129	3880	0.0
b d	0.0	101	11438	21857	0.0
ɹ l	0.0	179	27149	29129	0.0
l cʃ	0.0	56	29129	2728	0.0
ʃ l	0.0	86	6434	29129	0.0
m l	0.0	132	15436	29129	0.0
ɹ ʃ	0.0	81	27149	6434	0.0
s b	0.0	125	36515	11438	0.0
cʃ w	0.0	22	2728	4774	0.0
θ l	0.0	41	1594	29129	0.0
l θ	0.0	41	29129	1594	0.0
d f	0.0	85	21857	9379	0.0
d n	0.0	158	21857	32884	0.0
t n	0.0	198	36312	32884	0.0
n p	0.0	133	32884	16398	0.0
l g	0.0	78	29129	6495	0.0
ɹ p	0.0	117	27149	16398	0.0
f θ	0.0	21	9379	1594	0.0
d s	0.0	152	21857	36515	0.0
m n	0.0	120	15436	32884	0.0
l w	0.0	62	29129	4774	0.0
ʃ m	0.0	52	6434	15436	0.0
l n	0.0	154	29129	32884	0.0
k h	0.0	46	23887	3880	0.0
s g	0.0	73	36515	6495	0.0
p h	0.0	37	16398	3880	0.0
cʃ h	0.0	15	2728	3880	0.0
p f	0.0	57	16398	9379	0.0
ŋ s	0.0	85	9515	36515	0.0
t p	0.0	111	36312	16398	0.0
m w	0.0	39	15436	4774	0.0
p w	0.0	40	16398	4774	0.0
ɹ g	0.0	59	27149	6495	0.0
g h	0.0	22	6495	3880	0.0
ʃ w	0.0	24	6434	4774	0.0
m s	0.0	101	15436	36515	0.0
n ɹ	0.0	126	32884	27149	0.0
ŋ m	0.0	51	9515	15436	0.0
k n	0.0	117	23887	32884	0.0
l ʃ	0.0	56	29129	6434	0.0
d ʃ	0.0	48	21857	6434	0.0
d p	0.0	75	21857	16398	0.0
ɹ f	0.0	60	27149	9379	0.0
z b	0.0	57	20631	11438	0.0
ŋ f	0.0	35	9515	9379	0.0
cʃ p	0.0	24	2728	16398	0.0
ɟʒ h	0.0	14	4002	3880	0.0
p b	0.0	48	16398	11438	0.0
t k	0.0	102	36312	23887	0.0
g ʒ	0.0	5	6495	330	0.062
s θ	0.0	26	36515	1594	0.0
d k	0.0	77	21857	23887	0.0
m h	0.0	26	15436	3880	0.0
cʃ g	0.0	14	2728	6495	0.0
f h	0.0	20	9379	3880	0.0
ŋ d	0.0	47	9515	21857	0.0
cʃ ɹ	0.0	28	2728	27149	0.0
ʒ j	0.0	4	330	4601	0.125
ŋ ɹ	0.0	51	9515	27149	0.0
f b	0.0	32	9379	11438	0.0
k f	0.0	46	23887	9379	0.0
θ n	0.0	22	1594	32884	0.0
ʃ b	0.0	26	6434	11438	0.0
ð m	0.0	9	591	15436	0.004
ɟʒ w	0.0	13	4002	4774	0.0
θ p	0.0	15	1594	16398	0.0
z w	0.0	29	20631	4774	0.0
s ɹ	0.0	92	36515	27149	0.0
k m	0.0	55	23887	15436	0.0
ŋ w	0.0	19	9515	4774	0.0
θ b	0.0	12	1594	11438	0.0
t θ	0.0	21	36312	1594	0.0
n n	0.0	89	32884	32884	0.0
t g	0.0	41	36312	6495	0.0
ɹ z	0.0	63	27149	20631	0.0
ð h	0.0	4	591	3880	0.125
v ð	0.0	5	6212	591	0.062
f k	0.0	39	9379	23887	0.0
ʃ h	0.0	13	6434	3880	0.0
l ɹ	0.0	73	29129	27149	0.0
p m	0.0	41	16398	15436	0.0
p k	0.0	49	16398	23887	0.0
cʃ d	0.0	19	2728	21857	0.0
z l	0.0	60	20631	29129	0.0
g b	0.0	21	6495	11438	0.0
n ŋ	0.0	43	32884	9515	0.0
ŋ ʃ	0.0	19	9515	6434	0.0
b t	0.0	49	11438	36312	0.0
ʒ w	0.0	3	330	4774	0.25
k p	0.0	47	23887	16398	0.0
f g	0.0	18	9379	6495	0.0
t ʃ	0.0	35	36312	6434	0.0
t d	0.0	64	36312	21857	0.0
b v	0.0	19	11438	6212	0.0
cʃ l	0.0	20	2728	29129	0.0
θ m	0.0	11	1594	15436	0.001
v w	0.0	12	6212	4774	0.0
cʃ f	0.0	11	2728	9379	0.001
p d	0.0	41	16398	21857	0.0
p g	0.0	22	16398	6495	0.0
n ʒ	0.0	7	32884	330	0.016
ɟʒ f	0.0	13	4002	9379	0.0
s s	0.0	77	36515	36515	0.0
m ʃ	0.0	21	15436	6434	0.0
d g	0.0	25	21857	6495	0.0
ɟʒ j	0.0	9	4002	4601	0.004
v m	0.0	20	6212	15436	0.0
b m	0.0	27	11438	15436	0.0
m k	0.0	38	15436	23887	0.0
k d	0.0	45	23887	21857	0.0
ð s	0.0	9	591	36515	0.004
θ cʃ	0.0	4	1594	2728	0.125
ŋ t	0.0	35	9515	36312	0.0
ʒ d	0.0	5	330	21857	0.062
cʃ k	0.0	15	2728	23887	0.0
p n	0.0	43	16398	32884	0.0
θ t	0.0	14	1594	36312	0.0
n ð	0.0	8	32884	591	0.008
k k	0.0	43	23887	23887	0.0
f w	0.0	12	9379	4774	0.0
f p	0.0	21	9379	16398	0.0
ɹ ɹ	0.0	45	27149	27149	0.0
ʃ p	0.0	17	6434	16398	0.0
t t	0.0	60	36312	36312	0.0
b h	0.0	11	11438	3880	0.001
g p	0.0	17	6495	16398	0.0
b k	0.0	27	11438	23887	0.0
ɟʒ b	0.0	11	4002	11438	0.001
ʃ k	0.0	20	6434	23887	0.0
s ɟʒ	0.0	19	36515	4002	0.0
v ɹ	0.0	20	6212	27149	0.0
d t	0.0	43	21857	36312	0.0
b w	0.0	11	11438	4774	0.001
ɟʒ l	0.0	16	4002	29129	0.0
l l	0.0	43	29129	29129	0.0
ʃ j	0.0	8	6434	4601	0.008
s d	0.0	41	36515	21857	0.0
ð l	0.0	6	591	29129	0.031
z f	0.0	20	20631	9379	0.0
v b	0.0	12	6212	11438	0.0
b n	0.0	27	11438	32884	0.0
d θ	0.0	8	21857	1594	0.008
b f	0.0	14	11438	9379	0.0
d d	0.0	29	21857	21857	0.0
cʃ s	0.0	13	2728	36515	0.0
g s	0.0	20	6495	36515	0.0
θ k	0.0	8	1594	23887	0.008
k θ	0.0	8	23887	1594	0.008
θ h	0.0	3	1594	3880	0.25
t cʃ	0.0	12	36312	2728	0.0
m t	0.0	28	15436	36312	0.0
p θ	0.0	6	16398	1594	0.031
ð b	0.0	3	591	11438	0.25
g f	0.0	9	6495	9379	0.004
f n	0.0	20	9379	32884	0.0
ɟʒ k	0.0	11	4002	23887	0.001
f d	0.0	15	9379	21857	0.0
ʃ f	0.0	8	6434	9379	0.008
ŋ n	0.0	18	9515	32884	0.0
v s	0.0	15	6212	36515	0.0
ɟʒ p	0.0	8	4002	16398	0.008
m ɹ	0.0	20	15436	27149	0.0
g t	0.0	15	6495	36312	0.0
g k	0.0	12	6495	23887	0.0
cʃ n	0.0	9	2728	32884	0.004
v t	0.0	14	6212	36312	0.0
z ɹ	0.0	22	20631	27149	0.0
g ʃ	0.0	6	6495	6434	0.031
ʃ d	0.0	11	6434	21857	0.001
m v	0.0	9	15436	6212	0.004
p p	0.0	15	16398	16398	0.0
f m	0.0	11	9379	15436	0.001
s ʃ	0.0	14	36515	6434	0.0
d cʃ	0.0	7	21857	2728	0.016
z h	0.0	8	20631	3880	0.008
z p	0.0	16	20631	16398	0.0
p ɟʒ	0.0	7	16398	4002	0.016
t ɟʒ	0.0	10	36312	4002	0.002
z k	0.0	18	20631	23887	0.0
m θ	0.0	4	15436	1594	0.125
v f	0.0	6	6212	9379	0.031
m m	0.0	12	15436	15436	0.0
m ɟʒ	0.0	6	15436	4002	0.031
t v	0.0	10	36312	6212	0.002
ɟʒ s	0.0	8	4002	36515	0.008
v k	0.0	8	6212	23887	0.008
f ʃ	0.0	5	9379	6434	0.062
k g	0.0	8	23887	6495	0.008
θ ʃ	0.0	2	1594	6434	0.5
ʃ ʃ	0.0	4	6434	6434	0.125
z v	0.0	7	20631	6212	0.016
ɟʒ cʃ	0.0	2	4002	2728	0.5
z g	0.0	7	20631	6495	0.016
ɟʒ g	0.0	3	4002	6495	0.25
ɟʒ ɹ	0.0	6	4002	27149	0.031
cʃ j	0.0	2	2728	4601	0.5
d ð	0.0	2	21857	591	0.5
k ɟʒ	0.0	5	23887	4002	0.062
v cʃ	0.0	2	6212	2728	0.5
ʃ cʃ	0.0	2	6434	2728	0.5
b θ	0.0	2	11438	1594	0.5
z n	0.0	12	20631	32884	0.0
ɹ w	0.0	5	27149	4774	0.062
b p	0.0	6	11438	16398	0.031
f ð	0.0	1	9379	591	1.0
ð f	0.0	1	591	9379	1.0
v h	0.0	2	6212	3880	0.5
ɟʒ v	0.0	2	4002	6212	0.5
s v	0.0	6	36515	6212	0.031
v p	0.0	4	6212	16398	0.125
ɟʒ ʃ	0.0	2	4002	6434	0.5
ŋ cʃ	0.0	2	9515	2728	0.5
g ɟʒ	0.0	2	6495	4002	0.5
b cʃ	0.0	2	11438	2728	0.5
ɟʒ n	0.0	4	4002	32884	0.125
b g	0.0	3	11438	6495	0.25
θ d	0.0	2	1594	21857	0.5
ɟʒ t	0.0	4	4002	36312	0.125
z ɟʒ	0.0	3	20631	4002	0.25
f ɟʒ	0.0	2	9379	4002	0.5
ŋ ɟʒ	0.0	2	9515	4002	0.5
ʃ g	0.0	2	6434	6495	0.5
m cʃ	0.0	2	15436	2728	0.5
ŋ j	0.0	2	9515	4601	0.5
m g	0.0	3	15436	6495	0.25
f v	0.0	2	9379	6212	0.5
ʃ s	0.0	4	6434	36515	0.125
ŋ v	0.0	2	9515	6212	0.5
z t	0.0	7	20631	36312	0.016
ð ɹ	0.0	1	591	27149	1.0
l ð	0.0	1	29129	591	1.0
ð n	0.0	1	591	32884	1.0
ð t	0.0	1	591	36312	1.0
d ɟʒ	0.0	2	21857	4002	0.5
j w	0.0	1	4601	4774	1.0
v ɟʒ	0.0	1	6212	4002	1.0
p v	0.0	2	16398	6212	0.5
b b	0.0	2	11438	11438	0.5
z ʃ	0.0	2	20631	6434	0.5
z s	0.0	4	20631	36515	0.125
b ʃ	0.0	1	11438	6434	1.0
ɹ j	0.0	1	27149	4601	1.0
k v	0.0	1	23887	6212	1.0
