ngram	insep	N(C1C2)	N(C1)	N(C2)	p(C1C2)
n t	0.44	6497	39661	50669	0.0
k h	0.28	1963	50763	5668	0.0
s t	0.25	5747	54611	50669	0.0
p r	0.23	3445	20112	54177	0.0
n d	0.2	2742	39661	20111	0.0
k w	0.16	2282	50763	13352	0.0
m p	0.16	2039	27713	20112	0.0
t r	0.15	4386	50669	54177	0.0
t h	0.13	1345	50669	5668	0.0
k t	0.13	3992	50763	50669	0.0
n s	0.11	3300	39661	54611	0.0
s k	0.1	3628	54611	50763	0.0
k s	0.1	3572	50763	54611	0.0
n k	0.09	2912	39661	50763	0.0
n g	0.07	1160	39661	9758	0.0
p l	0.07	1292	20112	25852	0.0
s p	0.06	1799	54611	20112	0.0
g r	0.06	1193	9758	54177	0.0
n f	0.05	874	39661	8291	0.0
f l	0.04	674	8291	25852	0.0
b r	0.04	1130	11306	54177	0.0
r k	0.04	2287	54177	50763	0.0
p t	0.04	1366	20112	50669	0.0
g n	0.04	831	9758	39661	0.0
m b	0.04	736	27713	11306	0.0
f r	0.03	814	8291	54177	0.0
k r	0.03	1888	50763	54177	0.0
r t	0.03	1822	54177	50669	0.0
b l	0.02	518	11306	25852	0.0
b j	0.02	117	11306	1364	0.0
F l	0.02	133	802	25852	0.0
r g	0.02	670	54177	9758	0.0
k l	0.02	1046	50763	25852	0.0
r m	0.02	1053	54177	27713	0.0
K h	0.01	62	969	5668	0.0
r b	0.01	639	54177	11306	0.0
b s	0.01	601	11306	54611	0.0
g w	0.01	267	9758	13352	0.0
n w	0.01	529	39661	13352	0.0
r d	0.01	758	54177	20111	0.0
r w	0.01	610	54177	13352	0.0
l t	0.01	794	25852	50669	0.0
n j	0.01	157	39661	1364	0.0
g l	0.01	339	9758	25852	0.0
r n	0.01	962	54177	39661	0.0
n p	0.01	566	39661	20112	0.0
h r	0.01	351	5668	54177	0.0
p s	0.01	653	20112	54611	0.0
d j	0.01	102	20111	1364	0.0
r s	0.01	1059	54177	54611	0.0
P r	0.01	113	632	54177	0.0
R h	0.01	56	1559	5668	0.0
P l	0.01	70	632	25852	0.0
d r	0.01	565	20111	54177	0.0
m f	0.01	235	27713	8291	0.0
l k	0.01	560	25852	50763	0.0
r p	0.0	509	54177	20112	0.0
d f	0.0	193	20111	8291	0.0
s m	0.0	581	54611	27713	0.0
G r	0.0	35	113	54177	0.0
n l	0.0	430	39661	25852	0.0
d p	0.0	260	20111	20112	0.0
l g	0.0	205	25852	9758	0.0
l w	0.0	236	25852	13352	0.0
d s	0.0	388	20111	54611	0.0
d w	0.0	191	20111	13352	0.0
K l	0.0	57	969	25852	0.0
m n	0.0	374	27713	39661	0.0
r f	0.0	237	54177	8291	0.0
F r	0.0	71	802	54177	0.0
l b	0.0	168	25852	11306	0.0
T r	0.0	51	565	54177	0.0
n h	0.0	136	39661	5668	0.0
g m	0.0	140	9758	27713	0.0
b d	0.0	125	11306	20111	0.0
l s	0.0	276	25852	54611	0.0
l p	0.0	167	25852	20112	0.0
d m	0.0	170	20111	27713	0.0
s f	0.0	148	54611	8291	0.0
n r	0.0	314	39661	54177	0.0
B r	0.0	12	65	54177	0.0
m w	0.0	123	27713	13352	0.0
b t	0.0	151	11306	50669	0.0
d g	0.0	88	20111	9758	0.0
d h	0.0	67	20111	5668	0.0
d l	0.0	136	20111	25852	0.0
b n	0.0	126	11306	39661	0.0
b w	0.0	71	11306	13352	0.0
h l	0.0	69	5668	25852	0.0
d t	0.0	173	20111	50669	0.0
K w	0.0	19	969	13352	0.0
l m	0.0	141	25852	27713	0.0
l f	0.0	76	25852	8291	0.0
d k	0.0	165	20111	50763	0.0
h n	0.0	72	5668	39661	0.0
n m	0.0	157	39661	27713	0.0
G l	0.0	8	113	25852	0.008
m s	0.0	181	27713	54611	0.0
b f	0.0	43	11306	8291	0.0
s s	0.0	241	54611	54611	0.0
r h	0.0	77	54177	5668	0.0
h m	0.0	55	5668	27713	0.0
d n	0.0	120	20111	39661	0.0
s j	0.0	35	54611	1364	0.0
r l	0.0	134	54177	25852	0.0
s h	0.0	62	54611	5668	0.0
m k	0.0	131	27713	50763	0.0
m j	0.0	21	27713	1364	0.0
m t	0.0	119	27713	50669	0.0
B l	0.0	4	65	25852	0.125
b m	0.0	54	11306	27713	0.0
g d	0.0	42	9758	20111	0.0
l d	0.0	66	25852	20111	0.0
m l	0.0	76	27713	25852	0.0
p n	0.0	80	20112	39661	0.0
P h	0.0	5	632	5668	0.062
K r	0.0	18	969	54177	0.0
l n	0.0	72	25852	39661	0.0
b h	0.0	18	11306	5668	0.0
s w	0.0	57	54611	13352	0.0
n b	0.0	43	39661	11306	0.0
r j	0.0	17	54177	1364	0.0
m g	0.0	31	27713	9758	0.0
s b	0.0	46	54611	11306	0.0
m d	0.0	40	27713	20111	0.0
d b	0.0	23	20111	11306	0.0
k n	0.0	58	50763	39661	0.0
k f	0.0	26	50763	8291	0.0
s g	0.0	29	54611	9758	0.0
b p	0.0	18	11306	20112	0.0
t l	0.0	41	50669	25852	0.0
f t	0.0	23	8291	50669	0.0
s l	0.0	42	54611	25852	0.0
T h	0.0	2	565	5668	0.5
s d	0.0	34	54611	20111	0.0
b k	0.0	24	11306	50763	0.0
n S	0.0	11	39661	3256	0.001
S j	0.0	2	3256	1364	0.5
m r	0.0	28	27713	54177	0.0
f n	0.0	13	8291	39661	0.0
S k	0.0	8	3256	50763	0.008
f L	0.0	3	8291	3269	0.25
s r	0.0	30	54611	54177	0.0
s n	0.0	24	54611	39661	0.0
S p	0.0	4	3256	20112	0.125
b L	0.0	3	11306	3269	0.25
s R	0.0	4	54611	1559	0.125
t n	0.0	18	50669	39661	0.0
m h	0.0	5	27713	5668	0.062
t w	0.0	10	50669	13352	0.002
t p	0.0	12	50669	20112	0.0
w m	0.0	7	13352	27713	0.016
h t	0.0	6	5668	50669	0.031
t k	0.0	16	50669	50763	0.0
t f	0.0	6	50669	8291	0.031
t m	0.0	10	50669	27713	0.002
f f	0.0	2	8291	8291	0.5
j r	0.0	2	1364	54177	0.5
h s	0.0	4	5668	54611	0.125
b g	0.0	2	11306	9758	0.5
s T	0.0	1	54611	565	1.0
t g	0.0	4	50669	9758	0.125
t s	0.0	9	50669	54611	0.004
S t	0.0	2	3256	50669	0.5
k m	0.0	5	50763	27713	0.062
p m	0.0	3	20112	27713	0.25
f s	0.0	2	8291	54611	0.5
k d	0.0	3	50763	20111	0.25
p h	0.0	1	20112	5668	1.0
g t	0.0	2	9758	50669	0.5
w n	0.0	2	13352	39661	0.5
w t	0.0	2	13352	50669	0.5
L s	0.0	1	3269	54611	1.0
p k	0.0	2	20112	50763	0.5
l r	0.0	2	25852	54177	0.5
g s	0.0	1	9758	54611	1.0
k b	0.0	1	50763	11306	1.0
w r	0.0	1	13352	54177	1.0
