ngram	insep	N(C1C2)	N(C1)	N(C2)	p(C1C2)
m p	0.76	2069	15323	16611	0.0
t ʃʰ	0.59	381	29396	381	0.0
s t	0.45	2637	23905	29396	0.0
n t	0.39	2733	29275	29396	0.0
s t'	0.34	744	23905	3033	0.0
j ʃ	0.32	106	14548	109	0.0
s k	0.31	2236	23905	30069	0.0
ʎ q	0.31	343	2888	5952	0.0
n q'	0.29	490	29275	1294	0.0
j n	0.24	1497	14548	29275	0.0
p t'	0.17	437	16611	3033	0.0
j t'	0.16	399	14548	3033	0.0
p k	0.15	1272	16611	30069	0.0
n k	0.14	1665	29275	30069	0.0
s p	0.12	1045	23905	16611	0.0
px tʰ	0.11	128	4573	1523	0.0
n qʰ	0.11	374	29275	2055	0.0
ɲ tʃ	0.09	350	8130	7474	0.0
n x	0.07	716	29275	10846	0.0
r l	0.06	338	19125	4302	0.0
tʰ x	0.06	151	1523	10846	0.0
s k'	0.06	198	23905	1316	0.0
tʰ w	0.04	153	1523	16123	0.0
n w	0.04	643	29275	16123	0.0
r k	0.04	703	19125	30069	0.0
t x	0.04	511	29396	10846	0.0
j x	0.03	342	14548	10846	0.0
r x	0.03	380	19125	10846	0.0
j m	0.03	393	14548	15323	0.0
px t	0.03	298	4573	29396	0.0
h ʎ	0.03	116	7163	2888	0.0
j k	0.03	515	14548	30069	0.0
k t	0.03	721	30069	29396	0.0
n tʃ	0.03	350	29275	7474	0.0
l h	0.02	130	4302	7163	0.0
r t'	0.02	174	19125	3033	0.0
j r	0.02	363	14548	19125	0.0
k x	0.02	383	30069	10846	0.0
k tʰ	0.02	138	30069	1523	0.0
j w	0.02	308	14548	16123	0.0
s x	0.02	307	23905	10846	0.0
n s	0.02	497	29275	23905	0.0
w q'	0.02	84	16123	1294	0.0
ʎ t	0.02	168	2888	29396	0.0
r m	0.02	312	19125	15323	0.0
x s	0.01	288	10846	23905	0.0
n q	0.01	234	29275	5952	0.0
r p	0.01	313	19125	16611	0.0
n tʰ	0.01	117	29275	1523	0.0
s tʰ	0.01	103	23905	1523	0.0
j ʎ	0.01	110	14548	2888	0.0
w s	0.01	324	16123	23905	0.0
s kʰ	0.01	107	23905	1791	0.0
j p'	0.01	43	14548	515	0.0
s m	0.01	296	23905	15323	0.0
r k'	0.01	77	19125	1316	0.0
q t'	0.01	63	5952	3033	0.0
j tʃ	0.01	150	14548	7474	0.0
r t	0.01	337	19125	29396	0.0
t s	0.01	368	29396	23905	0.0
k s	0.01	365	30069	23905	0.0
n t'	0.01	128	29275	3033	0.0
t w	0.01	292	29396	16123	0.0
w k	0.01	292	16123	30069	0.0
p s	0.01	260	16611	23905	0.0
j t	0.01	268	14548	29396	0.0
p t	0.01	280	16611	29396	0.0
x t'	0.01	68	10846	3033	0.0
w kʰ	0.01	61	16123	1791	0.0
n k'	0.01	70	29275	1316	0.0
k t'	0.01	107	30069	3033	0.0
r q	0.01	116	19125	5952	0.0
ʎ p'	0.01	13	2888	515	0.0
w x	0.01	140	16123	10846	0.0
px p	0.0	91	4573	16611	0.0
ʎ q'	0.0	20	2888	1294	0.0
px k	0.0	115	4573	30069	0.0
ʎ k'	0.0	19	2888	1316	0.0
j tʰ	0.0	45	14548	1523	0.0
tʃ k	0.0	143	7474	30069	0.0
k p	0.0	213	30069	16611	0.0
t p	0.0	205	29396	16611	0.0
q t	0.0	120	5952	29396	0.0
ʎ k	0.0	79	2888	30069	0.0
k tʃ	0.0	126	30069	7474	0.0
x w	0.0	104	10846	16123	0.0
px s	0.0	82	4573	23905	0.0
j p	0.0	110	14548	16611	0.0
s pʰ	0.0	35	23905	1026	0.0
x r	0.0	100	10846	19125	0.0
l t'	0.0	25	4302	3033	0.0
m s	0.0	132	15323	23905	0.0
ʎ p	0.0	47	2888	16611	0.0
l s	0.0	67	4302	23905	0.0
t t'	0.0	62	29396	3033	0.0
j pʰ	0.0	25	14548	1026	0.0
j kʰ	0.0	33	14548	1791	0.0
n h	0.0	92	29275	7163	0.0
ɲ x	0.0	59	8130	10846	0.0
l t	0.0	70	4302	29396	0.0
r w	0.0	109	19125	16123	0.0
k k	0.0	184	30069	30069	0.0
t' x	0.0	35	3033	10846	0.0
x tʰ	0.0	24	10846	1523	0.0
q x	0.0	47	5952	10846	0.0
m x	0.0	75	15323	10846	0.0
j q	0.0	54	14548	5952	0.0
px tʃ	0.0	33	4573	7474	0.0
l q	0.0	28	4302	5952	0.0
x p	0.0	70	10846	16611	0.0
t k	0.0	151	29396	30069	0.0
ʎ t'	0.0	15	2888	3033	0.0
x tʃ'	0.0	20	10846	1466	0.0
x ʎ	0.0	28	10846	2888	0.0
x t	0.0	89	10846	29396	0.0
t t	0.0	136	29396	29396	0.0
s n	0.0	121	23905	29275	0.0
x tʃ	0.0	41	10846	7474	0.0
tʃ x	0.0	40	7474	10846	0.0
tʰ t	0.0	29	1523	29396	0.0
p p	0.0	68	16611	16611	0.0
t' k	0.0	39	3033	30069	0.0
ɲ k	0.0	63	8130	30069	0.0
m t'	0.0	26	15323	3033	0.0
m w	0.0	59	15323	16123	0.0
q k	0.0	50	5952	30069	0.0
n p	0.0	79	29275	16611	0.0
tʃ p	0.0	35	7474	16611	0.0
n kʰ	0.0	22	29275	1791	0.0
k tʃ'	0.0	20	30069	1466	0.0
k w	0.0	66	30069	16123	0.0
l m	0.0	23	4302	15323	0.0
r pʰ	0.0	12	19125	1026	0.0
s q	0.0	31	23905	5952	0.0
r s	0.0	52	19125	23905	0.0
x ɲ	0.0	22	10846	8130	0.0
s tʃ	0.0	30	23905	7474	0.0
h tʃ	0.0	16	7163	7474	0.0
w t'	0.0	15	16123	3033	0.0
ɲ t	0.0	32	8130	29396	0.0
ʎ qʰ	0.0	5	2888	2055	0.062
px m	0.0	17	4573	15323	0.0
w r	0.0	34	16123	19125	0.0
h t	0.0	26	7163	29396	0.0
l w	0.0	14	4302	16123	0.0
t ʃ	0.0	3	29396	109	0.25
r q'	0.0	8	19125	1294	0.008
tʰ s	0.0	9	1523	23905	0.004
w qʰ	0.0	8	16123	2055	0.008
h r	0.0	16	7163	19125	0.0
tʃ' tʰ	0.0	2	1466	1523	0.5
w n	0.0	27	16123	29275	0.0
m tʰ	0.0	6	15323	1523	0.031
ʎ pʰ	0.0	2	2888	1026	0.5
w t	0.0	25	16123	29396	0.0
j k'	0.0	5	14548	1316	0.062
r qʰ	0.0	7	19125	2055	0.016
m k	0.0	23	15323	30069	0.0
h m	0.0	11	7163	15323	0.001
ɲ p	0.0	12	8130	16611	0.0
ɲ l	0.0	6	8130	4302	0.031
q tʰ	0.0	3	5952	1523	0.25
s ʎ	0.0	8	23905	2888	0.008
l pʰ	0.0	2	4302	1026	0.5
x k	0.0	17	10846	30069	0.0
x m	0.0	12	10846	15323	0.0
t' tʰ	0.0	2	3033	1523	0.5
tʃ r	0.0	11	7474	19125	0.001
j ɲ	0.0	10	14548	8130	0.002
tʃ w	0.0	10	7474	16123	0.002
ʎ x	0.0	5	2888	10846	0.062
w k'	0.0	4	16123	1316	0.125
r kʰ	0.0	5	19125	1791	0.062
s s	0.0	20	23905	23905	0.0
m px	0.0	7	15323	4573	0.016
t' s	0.0	7	3033	23905	0.016
t tʃ	0.0	12	29396	7474	0.0
p tʃ	0.0	9	16611	7474	0.004
qʰ t'	0.0	2	2055	3033	0.5
p tʰ	0.0	4	16611	1523	0.125
h n	0.0	11	7163	29275	0.001
px j	0.0	6	4573	14548	0.031
q p	0.0	7	5952	16611	0.016
t r	0.0	16	29396	19125	0.0
j tʃ'	0.0	3	14548	1466	0.25
q tʃ	0.0	4	5952	7474	0.125
t tʰ	0.0	4	29396	1523	0.125
ʎ w	0.0	4	2888	16123	0.125
l x	0.0	4	4302	10846	0.125
k r	0.0	13	30069	19125	0.0
x n	0.0	9	10846	29275	0.004
q s	0.0	6	5952	23905	0.031
tʃ' t'	0.0	1	1466	3033	1.0
m t	0.0	10	15323	29396	0.002
h s	0.0	6	7163	23905	0.031
n tʃ'	0.0	3	29275	1466	0.25
ʎ m	0.0	3	2888	15323	0.25
ʎ tʃ	0.0	2	2888	7474	0.5
h t'	0.0	2	7163	3033	0.5
p w	0.0	7	16611	16123	0.016
t' t	0.0	4	3033	29396	0.125
r n	0.0	10	19125	29275	0.002
w tʃ'	0.0	2	16123	1466	0.5
w tʰ	0.0	2	16123	1523	0.5
s l	0.0	4	23905	4302	0.125
n r	0.0	9	29275	19125	0.004
n m	0.0	8	29275	15323	0.008
n n	0.0	11	29275	29275	0.001
m tʃ	0.0	4	15323	7474	0.125
w tʃ	0.0	4	16123	7474	0.125
s q'	0.0	2	23905	1294	0.5
l p	0.0	3	4302	16611	0.25
ɲ w	0.0	4	8130	16123	0.125
px ɲ	0.0	2	4573	8130	0.5
w p	0.0	5	16123	16611	0.062
w ʎ	0.0	2	16123	2888	0.5
s qʰ	0.0	2	23905	2055	0.5
q r	0.0	3	5952	19125	0.25
x x	0.0	3	10846	10846	0.25
t' px	0.0	1	3033	4573	1.0
px t'	0.0	1	4573	3033	1.0
k l	0.0	3	30069	4302	0.25
l j	0.0	2	4302	14548	0.5
j l	0.0	2	14548	4302	0.5
r tʃ	0.0	3	19125	7474	0.25
tʃ' x	0.0	1	1466	10846	1.0
t n	0.0	7	29396	29275	0.016
t m	0.0	5	29396	15323	0.062
q m	0.0	2	5952	15323	0.5
q w	0.0	2	5952	16123	0.5
w q	0.0	2	16123	5952	0.5
tʃ t	0.0	3	7474	29396	0.25
w j	0.0	3	16123	14548	0.25
t j	0.0	4	29396	14548	0.125
m n	0.0	4	15323	29275	0.125
r tʰ	0.0	1	19125	1523	1.0
ɲ m	0.0	2	8130	15323	0.5
m r	0.0	3	15323	19125	0.25
px n	0.0	2	4573	29275	0.5
kʰ r	0.0	1	1791	19125	1.0
p r	0.0	3	16611	19125	0.25
q q	0.0	1	5952	5952	1.0
ɲ r	0.0	2	8130	19125	0.5
s w	0.0	3	23905	16123	0.25
tʃ' t	0.0	1	1466	29396	1.0
t' m	0.0	1	3033	15323	1.0
n j	0.0	3	29275	14548	0.25
qʰ s	0.0	1	2055	23905	1.0
t' p	0.0	1	3033	16611	1.0
k m	0.0	3	30069	15323	0.25
m j	0.0	2	15323	14548	0.5
ɲ n	0.0	2	8130	29275	0.5
t ɲ	0.0	2	29396	8130	0.5
qʰ t	0.0	1	2055	29396	1.0
x q	0.0	1	10846	5952	1.0
ʎ s	0.0	1	2888	23905	1.0
p l	0.0	1	16611	4302	1.0
r px	0.0	1	19125	4573	1.0
k n	0.0	3	30069	29275	0.25
p q	0.0	1	16611	5952	1.0
s px	0.0	1	23905	4573	1.0
tʃ m	0.0	1	7474	15323	1.0
h w	0.0	1	7163	16123	1.0
l k	0.0	1	4302	30069	1.0
n px	0.0	1	29275	4573	1.0
k px	0.0	1	30069	4573	1.0
q n	0.0	1	5952	29275	1.0
s ɲ	0.0	1	23905	8130	1.0
tʃ n	0.0	1	7474	29275	1.0
p j	0.0	1	16611	14548	1.0
w w	0.0	1	16123	16123	1.0
r r	0.0	1	19125	19125	1.0
s r	0.0	1	23905	19125	1.0
p n	0.0	1	16611	29275	1.0
