ngram	insep	N(C1C2)	N(C1)	N(C2)	p(C1C2)
ɴ q	3.67	89	89	883	0.0
p p	1.48	794	3938	3938	0.0
k k	1.04	1503	8886	8886	0.0
n d	0.99	2047	16198	9481	0.0
ɲ ɟ	0.91	683	3493	5314	0.0
m b	0.77	1439	12137	8049	0.0
c c	0.73	407	2876	2876	0.0
g g	0.63	1078	8204	8204	0.0
ŋ k	0.34	441	2334	8886	0.0
n t	0.32	1416	16198	13910	0.0
q q	0.24	72	883	883	0.0
ɲ c	0.2	233	3493	2876	0.0
d d	0.17	639	9481	9481	0.0
t t	0.15	890	13910	13910	0.0
l l	0.14	1055	17020	17020	0.0
s s	0.1	503	9628	9628	0.0
b b	0.09	409	8049	8049	0.0
ɲ ɲ	0.09	171	3493	3493	0.0
n n	0.06	682	16198	16198	0.0
g n	0.06	470	8204	16198	0.0
ɟ ɟ	0.05	196	5314	5314	0.0
m m	0.05	445	12137	12137	0.0
s t	0.05	424	9628	13910	0.0
m p	0.04	234	12137	3938	0.0
d ɟ	0.04	239	9481	5314	0.0
r t	0.02	315	11222	13910	0.0
f f	0.02	102	4192	4192	0.0
j j	0.02	155	7128	7128	0.0
p r	0.02	143	3938	11222	0.0
f r	0.01	132	4192	11222	0.0
n s	0.01	226	16198	9628	0.0
b l	0.01	198	8049	17020	0.0
r s	0.01	175	11222	9628	0.0
g l	0.01	193	8204	17020	0.0
b r	0.01	146	8049	11222	0.0
t r	0.01	190	13910	11222	0.0
r l	0.01	209	11222	17020	0.0
r r	0.01	168	11222	11222	0.0
r m	0.01	171	11222	12137	0.0
r n	0.01	196	11222	16198	0.0
p l	0.01	112	3938	17020	0.0
r d	0.01	138	11222	9481	0.0
x t	0.01	97	4008	13910	0.0
x l	0.01	104	4008	17020	0.0
r k	0.01	124	11222	8886	0.0
w w	0.01	75	6085	6085	0.0
r g	0.01	116	11222	8204	0.0
c k	0.01	61	2876	8886	0.0
s p	0.01	74	9628	3938	0.0
c r	0.01	67	2876	11222	0.0
s k	0.01	109	9628	8886	0.0
t l	0.0	178	13910	17020	0.0
ŋ ŋ	0.0	26	2334	2334	0.0
f l	0.0	85	4192	17020	0.0
r c	0.0	55	11222	2876	0.0
c t	0.0	61	2876	13910	0.0
j t	0.0	96	7128	13910	0.0
g r	0.0	90	8204	11222	0.0
d r	0.0	95	9481	11222	0.0
r b	0.0	86	11222	8049	0.0
l k	0.0	107	17020	8886	0.0
r j	0.0	76	11222	7128	0.0
x x	0.0	34	4008	4008	0.0
j l	0.0	92	7128	17020	0.0
w l	0.0	84	6085	17020	0.0
s c	0.0	43	9628	2876	0.0
l b	0.0	89	17020	8049	0.0
r x	0.0	48	11222	4008	0.0
s l	0.0	90	9628	17020	0.0
p t	0.0	52	3938	13910	0.0
c l	0.0	49	2876	17020	0.0
k s	0.0	61	8886	9628	0.0
l j	0.0	72	17020	7128	0.0
j k	0.0	51	7128	8886	0.0
t s	0.0	73	13910	9628	0.0
m t	0.0	80	12137	13910	0.0
f t	0.0	47	4192	13910	0.0
l t	0.0	94	17020	13910	0.0
j s	0.0	50	7128	9628	0.0
x n	0.0	48	4008	16198	0.0
j n	0.0	62	7128	16198	0.0
k t	0.0	64	8886	13910	0.0
l m	0.0	82	17020	12137	0.0
w t	0.0	52	6085	13910	0.0
m l	0.0	79	12137	17020	0.0
j m	0.0	51	7128	12137	0.0
l n	0.0	90	17020	16198	0.0
ŋ l	0.0	34	2334	17020	0.0
ɲ s	0.0	30	3493	9628	0.0
q l	0.0	20	883	17020	0.0
l s	0.0	66	17020	9628	0.0
g s	0.0	43	8204	9628	0.0
n f	0.0	38	16198	4192	0.0
l d	0.0	58	17020	9481	0.0
s m	0.0	46	9628	12137	0.0
g t	0.0	45	8204	13910	0.0
k r	0.0	42	8886	11222	0.0
t j	0.0	41	13910	7128	0.0
w r	0.0	34	6085	11222	0.0
k l	0.0	50	8886	17020	0.0
p s	0.0	25	3938	9628	0.0
x k	0.0	24	4008	8886	0.0
m n	0.0	54	12137	16198	0.0
m f	0.0	27	12137	4192	0.0
m s	0.0	39	12137	9628	0.0
t k	0.0	38	13910	8886	0.0
r p	0.0	22	11222	3938	0.0
x p	0.0	13	4008	3938	0.0
l w	0.0	33	17020	6085	0.0
n x	0.0	26	16198	4008	0.0
r f	0.0	22	11222	4192	0.0
ŋ g	0.0	14	2334	8204	0.0
s r	0.0	33	9628	11222	0.0
s w	0.0	24	9628	6085	0.0
f k	0.0	19	4192	8886	0.0
m k	0.0	32	12137	8886	0.0
l f	0.0	26	17020	4192	0.0
w n	0.0	30	6085	16198	0.0
w f	0.0	15	6085	4192	0.0
t w	0.0	27	13910	6085	0.0
b t	0.0	31	8049	13910	0.0
s j	0.0	24	9628	7128	0.0
ɟ t	0.0	24	5314	13910	0.0
l x	0.0	23	17020	4008	0.0
n l	0.0	46	16198	17020	0.0
s q	0.0	8	9628	883	0.008
b s	0.0	24	8049	9628	0.0
s b	0.0	24	9628	8049	0.0
ɲ t	0.0	19	3493	13910	0.0
w m	0.0	23	6085	12137	0.0
f n	0.0	22	4192	16198	0.0
s n	0.0	33	9628	16198	0.0
w s	0.0	20	6085	9628	0.0
j d	0.0	21	7128	9481	0.0
d s	0.0	24	9481	9628	0.0
g j	0.0	19	8204	7128	0.0
x j	0.0	13	4008	7128	0.0
r w	0.0	20	11222	6085	0.0
t n	0.0	36	13910	16198	0.0
x c	0.0	8	4008	2876	0.008
ŋ r	0.0	12	2334	11222	0.0
q t	0.0	8	883	13910	0.008
m d	0.0	24	12137	9481	0.0
r q	0.0	7	11222	883	0.016
j c	0.0	10	7128	2876	0.002
l g	0.0	26	17020	8204	0.0
f j	0.0	12	4192	7128	0.0
w k	0.0	16	6085	8886	0.0
m j	0.0	20	12137	7128	0.0
n w	0.0	21	16198	6085	0.0
j ɟ	0.0	13	7128	5314	0.0
w d	0.0	16	6085	9481	0.0
ɲ l	0.0	16	3493	17020	0.0
b d	0.0	18	8049	9481	0.0
p n	0.0	16	3938	16198	0.0
f m	0.0	14	4192	12137	0.0
t b	0.0	20	13910	8049	0.0
n j	0.0	20	16198	7128	0.0
k n	0.0	22	8886	16198	0.0
r ɟ	0.0	14	11222	5314	0.0
n ŋ	0.0	11	16198	2334	0.001
b n	0.0	20	8049	16198	0.0
d l	0.0	22	9481	17020	0.0
f s	0.0	11	4192	9628	0.001
g b	0.0	14	8204	8049	0.0
m r	0.0	20	12137	11222	0.0
d k	0.0	15	9481	8886	0.0
g d	0.0	14	8204	9481	0.0
f d	0.0	10	4192	9481	0.002
x m	0.0	11	4008	12137	0.001
l q	0.0	6	17020	883	0.031
g m	0.0	15	8204	12137	0.0
p c	0.0	5	3938	2876	0.062
ŋ s	0.0	7	2334	9628	0.016
ɲ n	0.0	11	3493	16198	0.001
d j	0.0	12	9481	7128	0.0
ɟ k	0.0	10	5314	8886	0.002
j r	0.0	13	7128	11222	0.0
r ɲ	0.0	9	11222	3493	0.004
m x	0.0	10	12137	4008	0.002
q k	0.0	4	883	8886	0.125
n m	0.0	20	16198	12137	0.0
g k	0.0	12	8204	8886	0.0
l ɟ	0.0	13	17020	5314	0.0
m c	0.0	8	12137	2876	0.008
p k	0.0	8	3938	8886	0.008
c j	0.0	6	2876	7128	0.031
j p	0.0	7	7128	3938	0.016
ɟ f	0.0	6	5314	4192	0.031
j ɴ	0.0	1	7128	89	1.0
c q	0.0	2	2876	883	0.5
w x	0.0	6	6085	4008	0.031
j b	0.0	9	7128	8049	0.004
r ŋ	0.0	6	11222	2334	0.031
ɟ l	0.0	11	5314	17020	0.001
d c	0.0	6	9481	2876	0.031
l c	0.0	8	17020	2876	0.008
c s	0.0	6	2876	9628	0.031
n b	0.0	13	16198	8049	0.0
d g	0.0	10	9481	8204	0.002
x s	0.0	7	4008	9628	0.016
d m	0.0	12	9481	12137	0.0
k b	0.0	9	8886	8049	0.004
x q	0.0	2	4008	883	0.5
j w	0.0	7	7128	6085	0.016
b j	0.0	8	8049	7128	0.008
x r	0.0	7	4008	11222	0.016
q d	0.0	3	883	9481	0.25
w c	0.0	4	6085	2876	0.125
l ŋ	0.0	6	17020	2334	0.031
k w	0.0	7	8886	6085	0.016
b k	0.0	8	8049	8886	0.008
s f	0.0	6	9628	4192	0.031
p j	0.0	5	3938	7128	0.062
m ŋ	0.0	5	12137	2334	0.062
t m	0.0	12	13910	12137	0.0
ɟ b	0.0	6	5314	8049	0.031
w j	0.0	6	6085	7128	0.031
k j	0.0	7	8886	7128	0.016
ŋ t	0.0	5	2334	13910	0.062
f b	0.0	5	4192	8049	0.062
w b	0.0	6	6085	8049	0.031
d ŋ	0.0	4	9481	2334	0.125
c m	0.0	5	2876	12137	0.062
s d	0.0	8	9628	9481	0.008
n ɴ	0.0	1	16198	89	1.0
b c	0.0	4	8049	2876	0.125
k f	0.0	5	8886	4192	0.062
p d	0.0	5	3938	9481	0.062
t p	0.0	6	13910	3938	0.031
d n	0.0	10	9481	16198	0.002
m g	0.0	8	12137	8204	0.008
ŋ w	0.0	3	2334	6085	0.25
q n	0.0	3	883	16198	0.25
t c	0.0	5	13910	2876	0.062
t f	0.0	6	13910	4192	0.031
ŋ c	0.0	2	2334	2876	0.5
k m	0.0	8	8886	12137	0.008
m ɲ	0.0	5	12137	3493	0.062
c d	0.0	4	2876	9481	0.125
j x	0.0	4	7128	4008	0.125
m ɟ	0.0	6	12137	5314	0.031
p f	0.0	3	3938	4192	0.25
l p	0.0	6	17020	3938	0.031
ɲ k	0.0	4	3493	8886	0.125
s ɟ	0.0	5	9628	5314	0.062
t d	0.0	8	13910	9481	0.008
q ŋ	0.0	1	883	2334	1.0
q s	0.0	2	883	9628	0.5
s g	0.0	6	9628	8204	0.031
n r	0.0	9	16198	11222	0.004
d w	0.0	5	9481	6085	0.062
ŋ x	0.0	2	2334	4008	0.5
x ŋ	0.0	2	4008	2334	0.5
x ɟ	0.0	3	4008	5314	0.25
s ŋ	0.0	3	9628	2334	0.25
m q	0.0	2	12137	883	0.5
c p	0.0	2	2876	3938	0.5
c x	0.0	2	2876	4008	0.5
k g	0.0	5	8886	8204	0.062
m w	0.0	5	12137	6085	0.062
t ɟ	0.0	5	13910	5314	0.062
c f	0.0	2	2876	4192	0.5
ɟ ŋ	0.0	2	5314	2334	0.5
ɲ b	0.0	3	3493	8049	0.25
g ɲ	0.0	3	8204	3493	0.25
k d	0.0	5	8886	9481	0.062
ɟ n	0.0	5	5314	16198	0.062
p b	0.0	3	3938	8049	0.25
ɲ f	0.0	2	3493	4192	0.5
f ɲ	0.0	2	4192	3493	0.5
q f	0.0	1	883	4192	1.0
k x	0.0	3	8886	4008	0.25
d p	0.0	3	9481	3938	0.25
j ŋ	0.0	2	7128	2334	0.5
d x	0.0	3	9481	4008	0.25
d f	0.0	3	9481	4192	0.25
ŋ b	0.0	2	2334	8049	0.5
b ɟ	0.0	3	8049	5314	0.25
d b	0.0	4	9481	8049	0.125
k ŋ	0.0	2	8886	2334	0.5
ɟ p	0.0	2	5314	3938	0.5
p m	0.0	3	3938	12137	0.25
ɟ x	0.0	2	5314	4008	0.5
ŋ d	0.0	2	2334	9481	0.5
ɟ d	0.0	3	5314	9481	0.25
c b	0.0	2	2876	8049	0.5
t x	0.0	3	13910	4008	0.25
j ɲ	0.0	2	7128	3493	0.5
q j	0.0	1	883	7128	1.0
j q	0.0	1	7128	883	1.0
b q	0.0	1	8049	883	1.0
ɲ g	0.0	2	3493	8204	0.5
g q	0.0	1	8204	883	1.0
q g	0.0	1	883	8204	1.0
b p	0.0	2	8049	3938	0.5
ɟ w	0.0	2	5314	6085	0.5
w ɟ	0.0	2	6085	5314	0.5
ɲ ŋ	0.0	1	3493	2334	1.0
f g	0.0	2	4192	8204	0.5
ŋ n	0.0	2	2334	16198	0.5
ŋ f	0.0	1	2334	4192	1.0
f ŋ	0.0	1	4192	2334	1.0
q r	0.0	1	883	11222	1.0
q m	0.0	1	883	12137	1.0
l r	0.0	4	17020	11222	0.125
b w	0.0	2	8049	6085	0.5
t q	0.0	1	13910	883	1.0
ŋ ɟ	0.0	1	2334	5314	1.0
w g	0.0	2	6085	8204	0.5
t g	0.0	3	13910	8204	0.25
x ɲ	0.0	1	4008	3493	1.0
n ɲ	0.0	2	16198	3493	0.5
j g	0.0	2	7128	8204	0.5
ɟ r	0.0	2	5314	11222	0.5
c ɟ	0.0	1	2876	5314	1.0
ɟ c	0.0	1	5314	2876	1.0
p x	0.0	1	3938	4008	1.0
n p	0.0	2	16198	3938	0.5
ɟ m	0.0	2	5314	12137	0.5
f p	0.0	1	4192	3938	1.0
f x	0.0	1	4192	4008	1.0
x f	0.0	1	4008	4192	1.0
ɟ ɲ	0.0	1	5314	3493	1.0
g ŋ	0.0	1	8204	2334	1.0
p ɟ	0.0	1	3938	5314	1.0
f ɟ	0.0	1	4192	5314	1.0
c g	0.0	1	2876	8204	1.0
g c	0.0	1	8204	2876	1.0
p w	0.0	1	3938	6085	1.0
x w	0.0	1	4008	6085	1.0
k c	0.0	1	8886	2876	1.0
ŋ m	0.0	1	2334	12137	1.0
j f	0.0	1	7128	4192	1.0
p g	0.0	1	3938	8204	1.0
g p	0.0	1	8204	3938	1.0
ɲ d	0.0	1	3493	9481	1.0
b f	0.0	1	8049	4192	1.0
g f	0.0	1	8204	4192	1.0
ɟ j	0.0	1	5314	7128	1.0
x d	0.0	1	4008	9481	1.0
g ɟ	0.0	1	8204	5314	1.0
c n	0.0	1	2876	16198	1.0
k ɟ	0.0	1	8886	5314	1.0
t ɲ	0.0	1	13910	3493	1.0
g w	0.0	1	8204	6085	1.0
ɟ s	0.0	1	5314	9628	1.0
l ɲ	0.0	1	17020	3493	1.0
b g	0.0	1	8049	8204	1.0
b m	0.0	1	8049	12137	1.0
