ngram	insep	N(C1C2)	N(C1)	N(C2)	p(C1C2)
t s	0.91	7991	40986	20710	0.0
ʃ t	0.28	3392	12167	40986	0.0
n t	0.26	5653	37025	40986	0.0
ʃ p	0.21	1443	12167	9845	0.0
s t	0.2	3740	20710	40986	0.0
n d	0.19	2122	37025	7608	0.0
χ t	0.12	1977	9885	40986	0.0
ŋ k	0.1	872	6075	14532	0.0
p f	0.1	1048	9845	14013	0.0
χ k	0.08	950	9885	14532	0.0
m p	0.06	732	11482	9845	0.0
ʃ v	0.05	634	12167	7442	0.0
ŋ s	0.04	676	6075	20710	0.0
l t	0.04	1790	23222	40986	0.0
k s	0.04	952	14532	20710	0.0
k l	0.04	1008	14532	23222	0.0
f l	0.03	930	14013	23222	0.0
s v	0.03	630	20710	7442	0.0
f t	0.03	1183	14013	40986	0.0
ʃ l	0.03	790	12167	23222	0.0
k t	0.03	1142	14532	40986	0.0
n h	0.03	611	37025	4711	0.0
n ʃ	0.02	957	37025	12167	0.0
p l	0.02	626	9845	23222	0.0
b l	0.02	639	10368	23222	0.0
k v	0.02	417	14532	7442	0.0
n f	0.02	892	37025	14013	0.0
s k	0.02	653	20710	14532	0.0
s m	0.02	566	20710	11482	0.0
s b	0.02	537	20710	10368	0.0
n z	0.02	603	37025	7481	0.0
n g	0.02	645	37025	8898	0.0
s f	0.01	593	20710	14013	0.0
n s	0.01	951	37025	20710	0.0
n b	0.01	668	37025	10368	0.0
g l	0.01	480	8898	23222	0.0
t ʃ	0.01	721	40986	12167	0.0
s p	0.01	437	20710	9845	0.0
s g	0.01	408	20710	8898	0.0
s ʃ	0.01	455	20710	12167	0.0
t l	0.01	857	40986	23222	0.0
d ʒ	0.01	34	7608	205	0.0
t h	0.01	363	40986	4711	0.0
p s	0.01	371	9845	20710	0.0
s h	0.01	250	20710	4711	0.0
n v	0.01	419	37025	7442	0.0
s l	0.01	549	20710	23222	0.0
l b	0.01	388	23222	10368	0.0
ʃ m	0.01	293	12167	11482	0.0
l n	0.01	724	23222	37025	0.0
p ʃ	0.01	252	9845	12167	0.0
m b	0.01	247	11482	10368	0.0
l p	0.01	337	23222	9845	0.0
l d	0.01	294	23222	7608	0.0
t v	0.01	384	40986	7442	0.0
l k	0.01	392	23222	14532	0.0
l f	0.01	377	23222	14013	0.0
n k	0.0	466	37025	14532	0.0
t b	0.0	405	40986	10368	0.0
l g	0.0	265	23222	8898	0.0
p t	0.0	356	9845	40986	0.0
t g	0.0	327	40986	8898	0.0
ŋ g	0.0	123	6075	8898	0.0
n l	0.0	466	37025	23222	0.0
t f	0.0	373	40986	14013	0.0
l m	0.0	233	23222	11482	0.0
l j	0.0	54	23222	630	0.0
l ʃ	0.0	234	23222	12167	0.0
p z	0.0	119	9845	7481	0.0
ʃ n	0.0	290	12167	37025	0.0
p j	0.0	34	9845	630	0.0
χ ʃ	0.0	145	9885	12167	0.0
m ʃ	0.0	156	11482	12167	0.0
l h	0.0	137	23222	4711	0.0
p v	0.0	112	9845	7442	0.0
s z	0.0	160	20710	7481	0.0
n j	0.0	61	37025	630	0.0
p h	0.0	80	9845	4711	0.0
t z	0.0	205	40986	7481	0.0
χ b	0.0	118	9885	10368	0.0
p g	0.0	109	9845	8898	0.0
k n	0.0	265	14532	37025	0.0
t m	0.0	245	40986	11482	0.0
k b	0.0	138	14532	10368	0.0
f ʃ	0.0	146	14013	12167	0.0
l v	0.0	146	23222	7442	0.0
m t	0.0	240	11482	40986	0.0
m f	0.0	140	11482	14013	0.0
χ v	0.0	93	9885	7442	0.0
n m	0.0	222	37025	11482	0.0
k z	0.0	112	14532	7481	0.0
m h	0.0	79	11482	4711	0.0
f b	0.0	129	14013	10368	0.0
m l	0.0	174	11482	23222	0.0
k h	0.0	86	14532	4711	0.0
χ g	0.0	95	9885	8898	0.0
χ f	0.0	116	9885	14013	0.0
l z	0.0	127	23222	7481	0.0
χ h	0.0	65	9885	4711	0.0
k ʃ	0.0	122	14532	12167	0.0
χ l	0.0	139	9885	23222	0.0
χ z	0.0	78	9885	7481	0.0
χ n	0.0	169	9885	37025	0.0
g n	0.0	158	8898	37025	0.0
m z	0.0	79	11482	7481	0.0
f g	0.0	95	14013	8898	0.0
s d	0.0	106	20710	7608	0.0
l s	0.0	182	23222	20710	0.0
m k	0.0	107	11482	14532	0.0
n p	0.0	155	37025	9845	0.0
m v	0.0	74	11482	7442	0.0
d l	0.0	106	7608	23222	0.0
ŋ l	0.0	94	6075	23222	0.0
v j	0.0	17	7442	630	0.0
k f	0.0	109	14532	14013	0.0
f h	0.0	62	14013	4711	0.0
f v	0.0	77	14013	7442	0.0
p b	0.0	74	9845	10368	0.0
p d	0.0	63	9845	7608	0.0
l χ	0.0	110	23222	9885	0.0
χ s	0.0	99	9885	20710	0.0
t j	0.0	34	40986	630	0.0
p k	0.0	78	9845	14532	0.0
t k	0.0	158	40986	14532	0.0
m g	0.0	65	11482	8898	0.0
f f	0.0	89	14013	14013	0.0
f z	0.0	65	14013	7481	0.0
χ m	0.0	64	9885	11482	0.0
t t	0.0	222	40986	40986	0.0
l l	0.0	120	23222	23222	0.0
f s	0.0	87	14013	20710	0.0
s j	0.0	18	20710	630	0.0
g m	0.0	49	8898	11482	0.0
t p	0.0	95	40986	9845	0.0
χ d	0.0	41	9885	7608	0.0
k g	0.0	52	14532	8898	0.0
s χ	0.0	65	20710	9885	0.0
f k	0.0	64	14013	14532	0.0
f p	0.0	52	14013	9845	0.0
m d	0.0	40	11482	7608	0.0
ŋ f	0.0	39	6075	14013	0.0
p m	0.0	44	9845	11482	0.0
f m	0.0	52	14013	11482	0.0
t n	0.0	156	40986	37025	0.0
t χ	0.0	77	40986	9885	0.0
f n	0.0	83	14013	37025	0.0
t d	0.0	64	40986	7608	0.0
k m	0.0	46	14532	11482	0.0
d n	0.0	59	7608	37025	0.0
p n	0.0	67	9845	37025	0.0
m n	0.0	70	11482	37025	0.0
p χ	0.0	32	9845	9885	0.0
k k	0.0	46	14532	14532	0.0
ŋ b	0.0	24	6075	10368	0.0
s n	0.0	78	20710	37025	0.0
ŋ h	0.0	15	6075	4711	0.0
ʃ h	0.0	21	12167	4711	0.0
ʃ b	0.0	31	12167	10368	0.0
m s	0.0	42	11482	20710	0.0
n χ	0.0	52	37025	9885	0.0
ŋ ʃ	0.0	22	6075	12167	0.0
k p	0.0	30	14532	9845	0.0
k d	0.0	26	14532	7608	0.0
n n	0.0	91	37025	37025	0.0
m m	0.0	28	11482	11482	0.0
ŋ v	0.0	16	6075	7442	0.0
p p	0.0	23	9845	9845	0.0
f d	0.0	24	14013	7608	0.0
n ʒ	0.0	6	37025	205	0.031
k χ	0.0	26	14532	9885	0.0
χ p	0.0	21	9885	9845	0.0
χ j	0.0	5	9885	630	0.062
m χ	0.0	21	11482	9885	0.0
l ʒ	0.0	4	23222	205	0.125
f j	0.0	5	14013	630	0.062
ʃ g	0.0	17	12167	8898	0.0
ŋ z	0.0	11	6075	7481	0.001
f χ	0.0	18	14013	9885	0.0
ŋ t	0.0	23	6075	40986	0.0
ʃ f	0.0	17	12167	14013	0.0
ʃ k	0.0	17	12167	14532	0.0
m j	0.0	3	11482	630	0.25
ŋ m	0.0	9	6075	11482	0.004
ŋ p	0.0	6	6075	9845	0.031
ŋ n	0.0	10	6075	37025	0.002
ʃ ʃ	0.0	8	12167	12167	0.008
ʒ m	0.0	1	205	11482	1.0
ʃ z	0.0	5	12167	7481	0.062
ŋ j	0.0	1	6075	630	1.0
s ʒ	0.0	1	20710	205	1.0
ʃ χ	0.0	5	12167	9885	0.062
k j	0.0	1	14532	630	1.0
d m	0.0	3	7608	11482	0.25
ʃ d	0.0	3	12167	7608	0.25
z l	0.0	2	7481	23222	0.5
ŋ d	0.0	1	6075	7608	1.0
z v	0.0	1	7481	7442	1.0
d v	0.0	1	7608	7442	1.0
ŋ χ	0.0	1	6075	9885	1.0
g v	0.0	1	8898	7442	1.0
z n	0.0	2	7481	37025	0.5
d ʃ	0.0	1	7608	12167	1.0
v f	0.0	1	7442	14013	1.0
g t	0.0	1	8898	40986	1.0
s s	0.0	1	20710	20710	1.0
