ngram	insep	N(C1C2)	N(C1)	N(C2)	p(C1C2)
d: ʒ	3.58	2061	2460	7256	0.0
d ʒ	1.89	5195	29604	7256	0.0
t ʃ	1.3	8717	71847	12232	0.0
n d	1.08	10755	54213	29604	0.0
ŋ g	0.79	1191	3204	8459	0.0
n t	0.7	13417	54213	71847	0.0
ŋ k	0.66	1995	3204	28221	0.0
t: s	0.58	4334	13219	37111	0.0
s t	0.46	8994	37111	71847	0.0
t: ʃ	0.3	1783	13219	12232	0.0
s k	0.24	4094	37111	28221	0.0
t r	0.21	8106	71847	65860	0.0
t s	0.19	5789	71847	37111	0.0
m p	0.18	2376	24011	19496	0.0
s p	0.13	2454	37111	19496	0.0
p r	0.12	3247	19496	65860	0.0
g r	0.1	1960	8459	65860	0.0
m b	0.09	1357	24011	12704	0.0
s m	0.06	1835	37111	24011	0.0
n f	0.04	1132	54213	10056	0.0
b r	0.03	1390	12704	65860	0.0
z b	0.03	487	8949	12704	0.0
k r	0.03	1832	28221	65860	0.0
r t	0.03	2857	65860	71847	0.0
f r	0.02	1017	10056	65860	0.0
l t	0.02	1719	29363	71847	0.0
n s	0.02	1672	54213	37111	0.0
r d	0.02	1595	65860	29604	0.0
p l	0.02	849	19496	29363	0.0
r m	0.02	1400	65860	24011	0.0
g: r	0.02	149	283	65860	0.0
s f	0.02	611	37111	10056	0.0
z g	0.01	262	8949	8459	0.0
r b	0.01	830	65860	12704	0.0
k l	0.01	749	28221	29363	0.0
n v	0.01	612	54213	10619	0.0
d r	0.01	1019	29604	65860	0.0
r k	0.01	979	65860	28221	0.0
f l	0.01	390	10056	29363	0.0
r g	0.01	501	65860	8459	0.0
l v	0.01	356	29363	10619	0.0
r s	0.01	995	65860	37111	0.0
p: r	0.01	205	1692	65860	0.0
l d	0.0	527	29363	29604	0.0
s v	0.0	336	37111	10619	0.0
b: r	0.0	140	1041	65860	0.0
r n	0.0	956	65860	54213	0.0
r v	0.0	419	65860	10619	0.0
g l	0.0	233	8459	29363	0.0
b l	0.0	283	12704	29363	0.0
l f	0.0	246	29363	10056	0.0
t: r	0.0	413	13219	65860	0.0
l m	0.0	363	29363	24011	0.0
r p	0.0	474	65860	19496	0.0
l g	0.0	207	29363	8459	0.0
f: r	0.0	114	1299	65860	0.0
d z	0.0	197	29604	8949	0.0
r f	0.0	305	65860	10056	0.0
l k	0.0	337	29363	28221	0.0
l b	0.0	201	29363	12704	0.0
l s	0.0	341	29363	37111	0.0
b: l	0.0	52	1041	29363	0.0
p: l	0.0	65	1692	29363	0.0
v r	0.0	218	10619	65860	0.0
l p	0.0	193	29363	19496	0.0
ŋ ʎ	0.0	18	3204	1670	0.0
r l	0.0	330	65860	29363	0.0
f: l	0.0	43	1299	29363	0.0
g: l	0.0	19	283	29363	0.0
k: l	0.0	60	3163	29363	0.0
g m	0.0	85	8459	24011	0.0
s d	0.0	180	37111	29604	0.0
s l	0.0	153	37111	29363	0.0
k s	0.0	139	28221	37111	0.0
p s	0.0	115	19496	37111	0.0
p t	0.0	141	19496	71847	0.0
k n	0.0	118	28221	54213	0.0
k t	0.0	132	28221	71847	0.0
f t	0.0	61	10056	71847	0.0
s n	0.0	92	37111	54213	0.0
b d	0.0	32	12704	29604	0.0
m n	0.0	59	24011	54213	0.0
k: r	0.0	23	3163	65860	0.0
p n	0.0	44	19496	54213	0.0
t m	0.0	56	71847	24011	0.0
r ɲ	0.0	12	65860	1284	0.0
b s	0.0	28	12704	37111	0.0
n ʃ	0.0	25	54213	12232	0.0
m v	0.0	14	24011	10619	0.0
l n	0.0	33	29363	54213	0.0
s r	0.0	39	37111	65860	0.0
t l	0.0	33	71847	29363	0.0
b n	0.0	17	12704	54213	0.0
d: r	0.0	8	2460	65860	0.008
t n	0.0	37	71847	54213	0.0
n l	0.0	23	54213	29363	0.0
g d	0.0	8	8459	29604	0.008
n m	0.0	18	54213	24011	0.0
s: m	0.0	5	4463	24011	0.062
r ʎ	0.0	5	65860	1670	0.062
b k	0.0	9	12704	28221	0.004
n p	0.0	15	54213	19496	0.0
d s	0.0	14	29604	37111	0.0
l ʃ	0.0	7	29363	12232	0.016
n b	0.0	9	54213	12704	0.004
n r	0.0	20	54213	65860	0.0
g t	0.0	8	8459	71847	0.008
t d	0.0	14	71847	29604	0.0
m l	0.0	8	24011	29363	0.008
g s	0.0	5	8459	37111	0.062
b f	0.0	3	12704	10056	0.25
d m	0.0	7	29604	24011	0.016
m f	0.0	4	24011	10056	0.125
f: ʃ	0.0	1	1299	12232	1.0
t k	0.0	11	71847	28221	0.001
d v	0.0	4	29604	10619	0.125
f g	0.0	2	10056	8459	0.5
g f	0.0	2	8459	10056	0.5
m t	0.0	9	24011	71847	0.004
g b	0.0	2	8459	12704	0.5
k m	0.0	5	28221	24011	0.062
d g	0.0	3	29604	8459	0.25
t f	0.0	5	71847	10056	0.062
l r	0.0	8	29363	65860	0.008
d n	0.0	7	29604	54213	0.016
k b	0.0	3	28221	12704	0.25
f: s	0.0	1	1299	37111	1.0
n: s	0.0	1	1401	37111	1.0
k d	0.0	4	28221	29604	0.125
m s	0.0	4	24011	37111	0.125
k: t	0.0	2	3163	71847	0.5
b t	0.0	4	12704	71847	0.125
t b	0.0	4	71847	12704	0.125
f k	0.0	2	10056	28221	0.5
m ʃ	0.0	2	24011	12232	0.5
ʃ m	0.0	2	12232	24011	0.5
m k	0.0	3	24011	28221	0.25
b m	0.0	2	12704	24011	0.5
v l	0.0	2	10619	29363	0.5
d k	0.0	3	29604	28221	0.25
t: t	0.0	3	13219	71847	0.25
b g	0.0	1	12704	8459	1.0
s: l	0.0	1	4463	29363	1.0
b v	0.0	1	12704	10619	1.0
f n	0.0	2	10056	54213	0.5
r: r	0.0	1	2250	65860	1.0
t g	0.0	2	71847	8459	0.5
t v	0.0	2	71847	10619	0.5
k g	0.0	1	28221	8459	1.0
g k	0.0	1	8459	28221	1.0
b p	0.0	1	12704	19496	1.0
s: r	0.0	1	4463	65860	1.0
v k	0.0	1	10619	28221	1.0
t: m	0.0	1	13219	24011	1.0
t: l	0.0	1	13219	29363	1.0
v s	0.0	1	10619	37111	1.0
s t:	0.0	1	37111	13219	1.0
k p	0.0	1	28221	19496	1.0
v n	0.0	1	10619	54213	1.0
p d	0.0	1	19496	29604	1.0
m d	0.0	1	24011	29604	1.0
r ʃ	0.0	1	65860	12232	1.0
r t:	0.0	1	65860	13219	1.0
t p	0.0	1	71847	19496	1.0
m r	0.0	1	24011	65860	1.0
d t	0.0	1	29604	71847	1.0
