ngram	insep	N(C1C2)	N(C1)	N(C2)	p(C1C2)
c ʃ'	9.11	366	759	366	0.0
ɟ ʒ	8.94	341	341	720	0.0
t s'	3.28	266	1530	266	0.0
t ɬ'	2.58	209	1530	209	0.0
c ʃ	1.0	393	759	3854	0.0
t s	0.86	379	1530	2067	0.0
ʃ t'	0.5	257	3854	649	0.0
ʃ c	0.34	230	3854	759	0.0
s t	0.3	224	2067	1530	0.0
s x	0.29	47	2067	69	0.0
ʃ t	0.29	302	3854	1530	0.0
d z	0.28	213	4476	672	0.0
d ɮ	0.25	264	4476	1191	0.0
ɮ c	0.18	93	1191	759	0.0
ʃ k	0.16	140	3854	606	0.0
ʃ g	0.15	135	3854	594	0.0
ʃ ʔ	0.13	337	3854	4404	0.0
n d	0.13	394	5188	4476	0.0
ʃ ɟ	0.12	91	3854	341	0.0
h w	0.12	43	3950	75	0.0
ɬ t	0.11	142	2183	1530	0.0
ɮ ɣ	0.11	59	1191	510	0.0
ʃ ɣ	0.1	103	3854	510	0.0
s s	0.1	151	2067	2067	0.0
ʔ n	0.09	339	4404	5188	0.0
ɮ ʒ	0.07	58	1191	720	0.0
ʃ d	0.07	254	3854	4476	0.0
ʃ n	0.07	268	3854	5188	0.0
s d	0.07	182	2067	4476	0.0
ɮ t	0.07	80	1191	1530	0.0
k w	0.06	12	606	75	0.0
ʃ ɬ	0.06	162	3854	2183	0.0
t ɬ	0.05	98	1530	2183	0.0
ʔ d	0.04	210	4404	4476	0.0
ʃ k'	0.04	61	3854	508	0.0
ɮ k	0.04	37	1191	606	0.0
ɬ c	0.03	54	2183	759	0.0
s b	0.02	51	2067	1003	0.0
ʃ x	0.02	18	3854	69	0.0
ʃ h	0.02	131	3854	3950	0.0
ɬ k'	0.02	34	2183	508	0.0
ɬ k	0.02	37	2183	606	0.0
s m	0.02	9	2067	45	0.004
ɬ t'	0.02	35	2183	649	0.0
ʃ b	0.02	57	3854	1003	0.0
s g	0.02	32	2067	594	0.0
s k	0.01	29	2067	606	0.0
ʃ ʒ	0.01	42	3854	720	0.0
ɮ d	0.01	52	1191	4476	0.0
s t'	0.01	26	2067	649	0.0
s z	0.01	24	2067	672	0.0
ɬ d	0.01	61	2183	4476	0.0
ɮ ʔ	0.01	43	1191	4404	0.0
ɬ h	0.01	53	2183	3950	0.0
ɬ b	0.01	26	2183	1003	0.0
ɮ z	0.01	15	1191	672	0.0
ɮ j	0.01	15	1191	681	0.0
ʃ ʃ	0.0	62	3854	3854	0.0
ɬ g	0.0	18	2183	594	0.0
ɬ n	0.0	53	2183	5188	0.0
ɮ ɟ	0.0	10	1191	341	0.002
ɬ ʔ	0.0	48	2183	4404	0.0
ɮ g	0.0	12	1191	594	0.0
ɮ k'	0.0	11	1191	508	0.001
h ɟ	0.0	16	3950	341	0.0
h g	0.0	21	3950	594	0.0
z t'	0.0	9	672	649	0.004
ɮ t'	0.0	11	1191	649	0.001
s ʔ	0.0	34	2067	4404	0.0
z g	0.0	7	672	594	0.016
ɮ n	0.0	27	1191	5188	0.0
ɬ x	0.0	4	2183	69	0.125
n ʔ	0.0	48	5188	4404	0.0
ʃ m	0.0	4	3854	45	0.125
ɬ ɟ	0.0	8	2183	341	0.008
n t	0.0	26	5188	1530	0.0
z t	0.0	9	672	1530	0.004
s k'	0.0	9	2067	508	0.004
z ʔ	0.0	15	672	4404	0.0
z b	0.0	7	672	1003	0.016
z ɮ	0.0	7	672	1191	0.016
ʔ g	0.0	12	4404	594	0.0
s ɣ	0.0	7	2067	510	0.016
ʃ j	0.0	11	3854	681	0.001
z k	0.0	4	672	606	0.125
z n	0.0	11	672	5188	0.001
z m	0.0	1	672	45	1.0
ʒ c	0.0	4	720	759	0.125
z k'	0.0	3	672	508	0.25
h d	0.0	19	3950	4476	0.0
z d	0.0	7	672	4476	0.016
ʔ h	0.0	16	4404	3950	0.0
s ɬ	0.0	7	2067	2183	0.016
ɬ m	0.0	1	2183	45	1.0
n g	0.0	5	5188	594	0.062
h t	0.0	7	3950	1530	0.016
n ɮ	0.0	7	5188	1191	0.016
n t'	0.0	5	5188	649	0.062
ʔ s	0.0	8	4404	2067	0.008
ʔ ʃ	0.0	10	4404	3854	0.002
s ɟ	0.0	2	2067	341	0.5
ʔ j	0.0	4	4404	681	0.125
n ɟ	0.0	3	5188	341	0.25
h k	0.0	3	3950	606	0.25
ʔ t	0.0	5	4404	1530	0.062
ʒ t	0.0	2	720	1530	0.5
d g	0.0	3	4476	594	0.25
s n	0.0	6	2067	5188	0.031
z ɣ	0.0	1	672	510	1.0
s j	0.0	2	2067	681	0.5
ʒ d	0.0	3	720	4476	0.25
ʔ ɟ	0.0	2	4404	341	0.5
ʒ g	0.0	1	720	594	1.0
n c	0.0	3	5188	759	0.25
h k'	0.0	2	3950	508	0.5
h ɣ	0.0	2	3950	510	0.5
ɬ ɬ	0.0	3	2183	2183	0.25
h n	0.0	6	3950	5188	0.031
ʔ k	0.0	2	4404	606	0.5
h ʔ	0.0	5	3950	4404	0.062
h c	0.0	2	3950	759	0.5
ʒ ɮ	0.0	1	720	1191	1.0
h b	0.0	2	3950	1003	0.5
b ʔ	0.0	2	1003	4404	0.5
ɬ ɣ	0.0	1	2183	510	1.0
ʃ ɮ	0.0	2	3854	1191	0.5
ɮ b	0.0	1	1191	1003	1.0
d ɟ	0.0	1	4476	341	1.0
b t	0.0	1	1003	1530	1.0
h s	0.0	2	3950	2067	0.5
b s	0.0	1	1003	2067	1.0
b ɬ	0.0	1	1003	2183	1.0
ʔ k'	0.0	1	4404	508	1.0
d k'	0.0	1	4476	508	1.0
t t	0.0	1	1530	1530	1.0
h t'	0.0	1	3950	649	1.0
ɮ ɬ	0.0	1	1191	2183	1.0
n s	0.0	2	5188	2067	0.5
h j	0.0	1	3950	681	1.0
ʔ t'	0.0	1	4404	649	1.0
ʒ n	0.0	1	720	5188	1.0
d h	0.0	2	4476	3950	0.5
n n	0.0	1	5188	5188	1.0
