ngram	insep	N(C1C2)	N(C1)	N(C2)	p(C1C2)
i j	0.26	25951	88197	36528	0.0
t ɕ	0.21	12900	58828	16478	0.0
t s	0.09	14895	58828	51666	0.0
nʲ i	0.09	10191	16518	88197	0.0
rʲ e	0.08	7817	16772	57565	0.0
a tʲ	0.07	13642	94085	33763	0.0
v a	0.07	12181	27065	94085	0.0
kʲ i	0.07	5298	5776	88197	0.0
s kʲ	0.06	3679	51666	5776	0.0
pʲ e	0.05	3983	6309	57565	0.0
r o	0.05	11020	36443	83300	0.0
vʲ e	0.05	3947	7473	57565	0.0
mʲ e	0.04	3578	6233	57565	0.0
k a	0.04	10076	30932	94085	0.0
p o	0.04	8351	24288	83300	0.0
n i	0.04	10454	37273	88197	0.0
r a	0.04	10351	36443	94085	0.0
rʲ i	0.04	6786	16772	88197	0.0
s t	0.04	9364	51666	58828	0.0
p rʲ	0.03	3377	24288	16772	0.0
o v	0.03	7786	83300	27065	0.0
l o	0.03	5582	14418	83300	0.0
s a	0.03	10940	51666	94085	0.0
dʲ e	0.03	2832	5952	57565	0.0
a t	0.03	11318	94085	58828	0.0
i v	0.03	7231	88197	27065	0.0
s tʲ	0.03	5964	51666	33763	0.0
bʲ e	0.03	2078	3704	57565	0.0
lʲ i	0.03	6002	20272	88197	0.0
z a	0.03	5125	13880	94085	0.0
i t	0.02	9982	88197	58828	0.0
nʲ e	0.02	4240	16518	57565	0.0
v o	0.02	6518	27065	83300	0.0
ɕ i	0.02	5232	16478	88197	0.0
lʲ e	0.02	4681	20272	57565	0.0
e lʲ	0.02	4675	57565	20272	0.0
ɕ e	0.02	4180	16478	57565	0.0
j e	0.02	6034	36528	57565	0.0
k o	0.02	6558	30932	83300	0.0
n o	0.02	7160	37273	83300	0.0
o t	0.02	8730	83300	58828	0.0
p r	0.02	3643	24288	36443	0.0
o s	0.02	7995	83300	51666	0.0
i tʲ	0.02	6594	88197	33763	0.0
tʲ e	0.02	5324	33763	57565	0.0
o l	0.02	4022	83300	14418	0.0
dʲ i	0.02	2654	5952	88197	0.0
d o	0.02	3588	11859	83300	0.0
o r	0.02	6248	83300	36443	0.0
e rʲ	0.02	3521	57565	16772	0.0
vʲ i	0.02	2887	7473	88197	0.0
sʲ e	0.02	1846	4787	57565	0.0
e r	0.01	4934	57565	36443	0.0
m o	0.01	3423	12403	83300	0.0
ɡʲ i	0.01	1487	2211	88197	0.0
i k	0.01	5516	88197	30932	0.0
tʲ i	0.01	5689	33763	88197	0.0
sʲ i	0.01	2137	4787	88197	0.0
o d	0.01	3249	83300	11859	0.0
o b	0.01	2843	83300	9086	0.0
m a	0.01	3527	12403	94085	0.0
ɡ o	0.01	2815	9126	83300	0.0
l a	0.01	3744	14418	94085	0.0
e nʲ	0.01	3109	57565	16518	0.0
n a	0.01	5710	37273	94085	0.0
e s	0.01	5228	57565	51666	0.0
fʲ i	0.01	1179	1740	88197	0.0
v i	0.01	4630	27065	88197	0.0
e t	0.01	5351	57565	58828	0.0
zʲ i	0.01	1219	2018	88197	0.0
u ʂ	0.01	1079	21312	6618	0.0
mʲ i	0.01	2127	6233	88197	0.0
t o	0.01	6218	58828	83300	0.0
lʲ n	0.01	2354	20272	37273	0.0
pʲ i	0.01	1929	6309	88197	0.0
ɕ n	0.01	2003	16478	37273	0.0
b o	0.01	2204	9086	83300	0.0
bʲ i	0.01	1441	3704	88197	0.0
e n	0.01	3684	57565	37273	0.0
a z	0.01	2861	94085	13880	0.0
ʐ i	0.01	1731	5455	88197	0.0
a nʲ	0.01	3066	94085	16518	0.0
ɡ r	0.01	1418	9126	36443	0.0
a n	0.01	4553	94085	37273	0.0
a lʲ	0.01	3329	94085	20272	0.0
r u	0.01	2109	36443	21312	0.0
i z	0.01	2638	88197	13880	0.0
o p	0.01	3384	83300	24288	0.0
o m	0.01	2418	83300	12403	0.0
n n	0.01	2794	37273	37273	0.0
o n	0.01	4171	83300	37273	0.0
s k	0.01	2963	51666	30932	0.0
i n	0.01	4213	88197	37273	0.0
xʲ i	0.01	551	650	88197	0.0
o f	0.01	1582	83300	5763	0.0
z m	0.01	936	13880	12403	0.0
i s	0.01	4759	88197	51666	0.0
j a	0.01	4122	36528	94085	0.0
o ɡ	0.01	1934	83300	9126	0.0
u t	0.01	2457	21312	58828	0.0
f k	0.01	909	5763	30932	0.0
ɡ a	0.01	1978	9126	94085	0.0
o k	0.01	3422	83300	30932	0.0
t r	0.01	3085	58828	36443	0.0
x o	0.01	1322	4756	83300	0.0
l u	0.01	1154	14418	21312	0.0
k u	0.01	1679	30932	21312	0.0
b r	0.01	1187	9086	36443	0.0
a s	0.01	4473	94085	51666	0.0
ɡʲ e	0.01	720	2211	57565	0.0
ʐ e	0.01	1130	5455	57565	0.0
b u	0.01	886	9086	21312	0.0
o vʲ	0.01	1582	83300	7473	0.0
n u	0.0	1778	37273	21312	0.0
u ʐ	0.0	677	21312	5455	0.0
d u	0.0	998	11859	21312	0.0
u x	0.0	626	21312	4756	0.0
a r	0.0	3634	94085	36443	0.0
ʂ i	0.0	1490	6618	88197	0.0
p a	0.0	2923	24288	94085	0.0
o lʲ	0.0	2511	83300	20272	0.0
b a	0.0	1724	9086	94085	0.0
e k	0.0	2458	57565	30932	0.0
d a	0.0	1938	11859	94085	0.0
t a	0.0	4305	58828	94085	0.0
i r	0.0	3265	88197	36443	0.0
u tʲ	0.0	1539	21312	33763	0.0
ʂ k	0.0	820	6618	30932	0.0
t rʲ	0.0	1795	58828	16772	0.0
ɕ a	0.0	2130	16478	94085	0.0
p l	0.0	1009	24288	14418	0.0
o ʐ	0.0	1149	83300	5455	0.0
ɡ l	0.0	607	9126	14418	0.0
ʂ e	0.0	1029	6618	57565	0.0
u r	0.0	1456	21312	36443	0.0
zʲ e	0.0	563	2018	57565	0.0
a l	0.0	1904	94085	14418	0.0
e d	0.0	1350	57565	11859	0.0
u d	0.0	807	21312	11859	0.0
o ɡʲ	0.0	687	83300	2211	0.0
d n	0.0	1059	11859	37273	0.0
fʲ e	0.0	498	1740	57565	0.0
u bʲ	0.0	437	21312	3704	0.0
n t	0.0	2299	37273	58828	0.0
o j	0.0	2686	83300	36528	0.0
u s	0.0	1614	21312	51666	0.0
b rʲ	0.0	596	9086	16772	0.0
o mʲ	0.0	1096	83300	6233	0.0
m u	0.0	782	12403	21312	0.0
t v	0.0	1912	58828	27065	0.0
o dʲ	0.0	1062	83300	5952	0.0
a ʐ	0.0	1063	94085	5455	0.0
x a	0.0	986	4756	94085	0.0
u p	0.0	1059	21312	24288	0.0
b lʲ	0.0	631	9086	20272	0.0
z d	0.0	596	13880	11859	0.0
s o	0.0	3034	51666	83300	0.0
a ɡ	0.0	1354	94085	9126	0.0
a k	0.0	2478	94085	30932	0.0
u lʲ	0.0	950	21312	20272	0.0
o x	0.0	906	83300	4756	0.0
a m	0.0	1554	94085	12403	0.0
e v	0.0	1790	57565	27065	0.0
u ɡ	0.0	628	21312	9126	0.0
k r	0.0	1496	30932	36443	0.0
e z	0.0	1256	57565	13880	0.0
u b	0.0	614	21312	9086	0.0
z vʲ	0.0	443	13880	7473	0.0
z n	0.0	989	13880	37273	0.0
j i	0.0	2466	36528	88197	0.0
s vʲ	0.0	852	51666	7473	0.0
ʐ a	0.0	976	5455	94085	0.0
ɡ rʲ	0.0	532	9126	16772	0.0
e m	0.0	1141	57565	12403	0.0
p u	0.0	967	24288	21312	0.0
e l	0.0	1219	57565	14418	0.0
o z	0.0	1422	83300	13880	0.0
t u	0.0	1476	58828	21312	0.0
o bʲ	0.0	732	83300	3704	0.0
z o	0.0	1406	13880	83300	0.0
s i	0.0	2783	51666	88197	0.0
b l	0.0	469	9086	14418	0.0
ɡ u	0.0	570	9126	21312	0.0
ɣ ɡ	0.0	29	56	9126	0.0
a d	0.0	1347	94085	11859	0.0
u m	0.0	654	21312	12403	0.0
lʲ u	0.0	835	20272	21312	0.0
s p	0.0	1412	51666	24288	0.0
p lʲ	0.0	881	24288	20272	0.0
f o	0.0	865	5763	83300	0.0
e tʲ	0.0	1734	57565	33763	0.0
o sʲ	0.0	782	83300	4787	0.0
e dʲ	0.0	723	57565	5952	0.0
u k	0.0	1000	21312	30932	0.0
lʲ a	0.0	1696	20272	94085	0.0
d r	0.0	802	11859	36443	0.0
a ʂ	0.0	962	94085	6618	0.0
i m	0.0	1274	88197	12403	0.0
f ɕ	0.0	367	5763	16478	0.0
e mʲ	0.0	712	57565	6233	0.0
z ɡ	0.0	422	13880	9126	0.0
ʂ a	0.0	933	6618	94085	0.0
r n	0.0	1371	36443	37273	0.0
a b	0.0	1081	94085	9086	0.0
e p	0.0	1369	57565	24288	0.0
o rʲ	0.0	1368	83300	16772	0.0
t k	0.0	1544	58828	30932	0.0
i lʲ	0.0	1519	88197	20272	0.0
o nʲ	0.0	1327	83300	16518	0.0
d nʲ	0.0	497	11859	16518	0.0
k rʲ	0.0	808	30932	16772	0.0
a f	0.0	823	94085	5763	0.0
a vʲ	0.0	930	94085	7473	0.0
a rʲ	0.0	1383	94085	16772	0.0
o ʂ	0.0	812	83300	6618	0.0
a dʲ	0.0	814	94085	5952	0.0
e ʐ	0.0	609	57565	5455	0.0
x l	0.0	282	4756	14418	0.0
s u	0.0	1127	51666	21312	0.0
i ɡ	0.0	962	88197	9126	0.0
z b	0.0	380	13880	9086	0.0
s l	0.0	920	51666	14418	0.0
n k	0.0	1133	37273	30932	0.0
i zʲ	0.0	445	88197	2018	0.0
ɕ k	0.0	742	16478	30932	0.0
a x	0.0	692	94085	4756	0.0
o pʲ	0.0	748	83300	6309	0.0
e ʂ	0.0	625	57565	6618	0.0
t n	0.0	1499	58828	37273	0.0
f s	0.0	551	5763	51666	0.0
u dʲ	0.0	359	21312	5952	0.0
l k	0.0	671	14418	30932	0.0
u mʲ	0.0	366	21312	6233	0.0
e j	0.0	1453	57565	36528	0.0
k l	0.0	668	30932	14418	0.0
rʲ a	0.0	1248	16772	94085	0.0
x lʲ	0.0	308	4756	20272	0.0
k lʲ	0.0	783	30932	20272	0.0
e ɡ	0.0	714	57565	9126	0.0
i x	0.0	634	88197	4756	0.0
ʐ dʲ	0.0	176	5455	5952	0.0
a v	0.0	1549	94085	27065	0.0
a p	0.0	1443	94085	24288	0.0
i ʂ	0.0	716	88197	6618	0.0
s pʲ	0.0	530	51666	6309	0.0
o zʲ	0.0	375	83300	2018	0.0
t vʲ	0.0	605	58828	7473	0.0
ʐ n	0.0	409	5455	37273	0.0
lʲ nʲ	0.0	521	20272	16518	0.0
a mʲ	0.0	685	94085	6233	0.0
d vʲ	0.0	264	11859	7473	0.0
v lʲ	0.0	656	27065	20272	0.0
z dʲ	0.0	254	13880	5952	0.0
a zʲ	0.0	384	94085	2018	0.0
f t	0.0	512	5763	58828	0.0
ʐ nʲ	0.0	263	5455	16518	0.0
a fʲ	0.0	354	94085	1740	0.0
z v	0.0	526	13880	27065	0.0
d rʲ	0.0	382	11859	16772	0.0
u rʲ	0.0	511	21312	16772	0.0
a j	0.0	1573	94085	36528	0.0
i l	0.0	950	88197	14418	0.0
m i	0.0	878	12403	88197	0.0
r t	0.0	1219	36443	58828	0.0
r m	0.0	558	36443	12403	0.0
e sʲ	0.0	434	57565	4787	0.0
t i	0.0	1881	58828	88197	0.0
u ɕ	0.0	487	21312	16478	0.0
o fʲ	0.0	309	83300	1740	0.0
v n	0.0	814	27065	37273	0.0
f a	0.0	596	5763	94085	0.0
z u	0.0	436	13880	21312	0.0
d v	0.0	449	11859	27065	0.0
e vʲ	0.0	518	57565	7473	0.0
i nʲ	0.0	952	88197	16518	0.0
i d	0.0	800	88197	11859	0.0
u n	0.0	694	21312	37273	0.0
i f	0.0	555	88197	5763	0.0
k t	0.0	1047	30932	58828	0.0
s sʲ	0.0	385	51666	4787	0.0
nʲ a	0.0	949	16518	94085	0.0
x v	0.0	272	4756	27065	0.0
m n	0.0	515	12403	37273	0.0
z ʐ	0.0	208	13880	5455	0.0
ɡ lʲ	0.0	325	9126	20272	0.0
kʲ e	0.0	434	5776	57565	0.0
z mʲ	0.0	220	13880	6233	0.0
lʲ ɕ	0.0	427	20272	16478	0.0
e pʲ	0.0	444	57565	6309	0.0
r s	0.0	1009	36443	51666	0.0
f sʲ	0.0	122	5763	4787	0.0
ʂ lʲ	0.0	269	6618	20272	0.0
n d	0.0	487	37273	11859	0.0
r k	0.0	774	36443	30932	0.0
i mʲ	0.0	539	88197	6233	0.0
ʐ d	0.0	184	5455	11859	0.0
e b	0.0	523	57565	9086	0.0
ɕ nʲ	0.0	377	16478	16518	0.0
e zʲ	0.0	245	57565	2018	0.0
l lʲ	0.0	385	14418	20272	0.0
e f	0.0	410	57565	5763	0.0
ɕ u	0.0	417	16478	21312	0.0
o tʲ	0.0	1177	83300	33763	0.0
i p	0.0	1018	88197	24288	0.0
u zʲ	0.0	143	21312	2018	0.0
u pʲ	0.0	251	21312	6309	0.0
l i	0.0	761	14418	88197	0.0
n s	0.0	936	37273	51666	0.0
z nʲ	0.0	322	13880	16518	0.0
ʂ nʲ	0.0	221	6618	16518	0.0
x r	0.0	278	4756	36443	0.0
e x	0.0	346	57565	4756	0.0
n dʲ	0.0	311	37273	5952	0.0
r ʐ	0.0	294	36443	5455	0.0
j u	0.0	579	36528	21312	0.0
d ʑ	0.0	5	11859	5	0.062
s lʲ	0.0	656	51666	20272	0.0
s e	0.0	1095	51666	57565	0.0
u l	0.0	351	21312	14418	0.0
r ʂ	0.0	307	36443	6618	0.0
x n	0.0	260	4756	37273	0.0
nʲ kʲ	0.0	190	16518	5776	0.0
v z	0.0	377	27065	13880	0.0
d ɡ	0.0	202	11859	9126	0.0
z l	0.0	273	13880	14418	0.0
i vʲ	0.0	495	88197	7473	0.0
r i	0.0	1084	36443	88197	0.0
ɡ n	0.0	352	9126	37273	0.0
v u	0.0	458	27065	21312	0.0
s m	0.0	479	51666	12403	0.0
i b	0.0	533	88197	9086	0.0
u z	0.0	323	21312	13880	0.0
r xʲ	0.0	91	36443	650	0.0
u sʲ	0.0	187	21312	4787	0.0
r ɡ	0.0	336	36443	9126	0.0
a xʲ	0.0	144	94085	650	0.0
ɡ nʲ	0.0	225	9126	16518	0.0
u ɣ	0.0	20	21312	56	0.0
ʑ ʐ	0.0	3	5	5455	0.25
e bʲ	0.0	265	57565	3704	0.0
r nʲ	0.0	445	36443	16518	0.0
s n	0.0	791	51666	37273	0.0
i sʲ	0.0	368	88197	4787	0.0
n tʲ	0.0	635	37273	33763	0.0
f u	0.0	197	5763	21312	0.0
v nʲ	0.0	375	27065	16518	0.0
l l	0.0	254	14418	14418	0.0
s mʲ	0.0	316	51666	6233	0.0
i ʐ	0.0	383	88197	5455	0.0
m p	0.0	303	12403	24288	0.0
lʲ o	0.0	716	20272	83300	0.0
i dʲ	0.0	398	88197	5952	0.0
a bʲ	0.0	324	94085	3704	0.0
z bʲ	0.0	124	13880	3704	0.0
sʲ a	0.0	367	4787	94085	0.0
t nʲ	0.0	539	58828	16518	0.0
r mʲ	0.0	259	36443	6233	0.0
n nʲ	0.0	426	37273	16518	0.0
a sʲ	0.0	364	94085	4787	0.0
m b	0.0	182	12403	9086	0.0
d ʐ	0.0	137	11859	5455	0.0
r dʲ	0.0	249	36443	5952	0.0
u nʲ	0.0	316	21312	16518	0.0
a pʲ	0.0	410	94085	6309	0.0
b n	0.0	299	9086	37273	0.0
xʲ e	0.0	99	650	57565	0.0
t t	0.0	950	58828	58828	0.0
k sʲ	0.0	196	30932	4787	0.0
m lʲ	0.0	255	12403	20272	0.0
m nʲ	0.0	229	12403	16518	0.0
s s	0.0	825	51666	51666	0.0
ɕ o	0.0	583	16478	83300	0.0
f fʲ	0.0	49	5763	1740	0.0
i rʲ	0.0	589	88197	16772	0.0
m pʲ	0.0	134	12403	6309	0.0
vʲ a	0.0	401	7473	94085	0.0
i o	0.0	1294	88197	83300	0.0
i fʲ	0.0	186	88197	1740	0.0
a ɡʲ	0.0	216	94085	2211	0.0
x rʲ	0.0	133	4756	16772	0.0
lʲ s	0.0	473	20272	51666	0.0
u vʲ	0.0	184	21312	7473	0.0
ʂ u	0.0	172	6618	21312	0.0
p sʲ	0.0	155	24288	4787	0.0
e ɡʲ	0.0	162	57565	2211	0.0
ʂ t	0.0	281	6618	58828	0.0
r ɡʲ	0.0	127	36443	2211	0.0
ʐ u	0.0	152	5455	21312	0.0
mʲ a	0.0	335	6233	94085	0.0
d b	0.0	143	11859	9086	0.0
s nʲ	0.0	401	51666	16518	0.0
f r	0.0	198	5763	36443	0.0
d lʲ	0.0	209	11859	20272	0.0
d i	0.0	429	11859	88197	0.0
ʂ n	0.0	208	6618	37273	0.0
n ɡ	0.0	242	37273	9126	0.0
m m	0.0	162	12403	12403	0.0
ʐ o	0.0	278	5455	83300	0.0
u f	0.0	144	21312	5763	0.0
o ɣ	0.0	28	83300	56	0.0
nʲ j	0.0	313	16518	36528	0.0
r x	0.0	167	36443	4756	0.0
s x	0.0	197	51666	4756	0.0
x u	0.0	125	4756	21312	0.0
f lʲ	0.0	133	5763	20272	0.0
i pʲ	0.0	288	88197	6309	0.0
ɣ dʲ	0.0	7	56	5952	0.016
d dʲ	0.0	101	11859	5952	0.0
ʂ kʲ	0.0	74	6618	5776	0.0
b i	0.0	338	9086	88197	0.0
r tʲ	0.0	415	36443	33763	0.0
k tʲ	0.0	382	30932	33763	0.0
m bʲ	0.0	80	12403	3704	0.0
lʲ t	0.0	406	20272	58828	0.0
z ɡʲ	0.0	65	13880	2211	0.0
z rʲ	0.0	179	13880	16772	0.0
ɕ sʲ	0.0	104	16478	4787	0.0
a ɕ	0.0	460	94085	16478	0.0
p k	0.0	320	24288	30932	0.0
z i	0.0	407	13880	88197	0.0
z lʲ	0.0	194	13880	20272	0.0
u xʲ	0.0	43	21312	650	0.0
x m	0.0	87	4756	12403	0.0
u j	0.0	316	21312	36528	0.0
f pʲ	0.0	67	5763	6309	0.0
ɣ d	0.0	9	56	11859	0.004
v r	0.0	345	27065	36443	0.0
n sʲ	0.0	146	37273	4787	0.0
b mʲ	0.0	82	9086	6233	0.0
ʂ o	0.0	253	6618	83300	0.0
k s	0.0	429	30932	51666	0.0
i ɕ	0.0	409	88197	16478	0.0
p t	0.0	401	24288	58828	0.0
b ʐ	0.0	74	9086	5455	0.0
j ʂ	0.0	162	36528	6618	0.0
e fʲ	0.0	104	57565	1740	0.0
b m	0.0	110	9086	12403	0.0
r b	0.0	187	36443	9086	0.0
rʲ u	0.0	194	16772	21312	0.0
a kʲ	0.0	239	94085	5776	0.0
rʲ o	0.0	381	16772	83300	0.0
k n	0.0	346	30932	37273	0.0
e o	0.0	695	57565	83300	0.0
f rʲ	0.0	98	5763	16772	0.0
j s	0.0	431	36528	51666	0.0
f p	0.0	116	5763	24288	0.0
j n	0.0	361	36528	37273	0.0
f ʂ	0.0	60	5763	6618	0.0
r fʲ	0.0	77	36443	1740	0.0
o kʲ	0.0	212	83300	5776	0.0
ʂ p	0.0	122	6618	24288	0.0
r d	0.0	200	36443	11859	0.0
dʲ o	0.0	214	5952	83300	0.0
x nʲ	0.0	85	4756	16518	0.0
i xʲ	0.0	72	88197	650	0.0
j k	0.0	319	36528	30932	0.0
n ɡʲ	0.0	86	37273	2211	0.0
d mʲ	0.0	81	11859	6233	0.0
k vʲ	0.0	143	30932	7473	0.0
x mʲ	0.0	51	4756	6233	0.0
o u	0.0	394	83300	21312	0.0
i bʲ	0.0	169	88197	3704	0.0
r ɕ	0.0	229	36443	16478	0.0
p ɕ	0.0	186	24288	16478	0.0
pʲ a	0.0	226	6309	94085	0.0
d d	0.0	110	11859	11859	0.0
p s	0.0	326	24288	51666	0.0
r kʲ	0.0	133	36443	5776	0.0
t lʲ	0.0	315	58828	20272	0.0
m mʲ	0.0	79	12403	6233	0.0
k v	0.0	259	30932	27065	0.0
d bʲ	0.0	59	11859	3704	0.0
f l	0.0	81	5763	14418	0.0
p n	0.0	267	24288	37273	0.0
z r	0.0	199	13880	36443	0.0
o xʲ	0.0	65	83300	650	0.0
s xʲ	0.0	51	51666	650	0.0
p i	0.0	405	24288	88197	0.0
x t	0.0	146	4756	58828	0.0
ʂ pʲ	0.0	56	6618	6309	0.0
b nʲ	0.0	106	9086	16518	0.0
t ʂ	0.0	170	58828	6618	0.0
t p	0.0	323	58828	24288	0.0
o i	0.0	728	83300	88197	0.0
i ɡʲ	0.0	118	88197	2211	0.0
f tʲ	0.0	117	5763	33763	0.0
l t	0.0	243	14418	58828	0.0
sʲ mʲ	0.0	45	4787	6233	0.0
l ɡ	0.0	94	14418	9126	0.0
b vʲ	0.0	67	9086	7473	0.0
tʲ a	0.0	451	33763	94085	0.0
m k	0.0	156	12403	30932	0.0
u v	0.0	191	21312	27065	0.0
ɣ z	0.0	7	56	13880	0.016
i kʲ	0.0	179	88197	5776	0.0
o o	0.0	657	83300	83300	0.0
l ʐ	0.0	69	14418	5455	0.0
r bʲ	0.0	90	36443	3704	0.0
e ɕ	0.0	235	57565	16478	0.0
o ɕ	0.0	281	83300	16478	0.0
r v	0.0	238	36443	27065	0.0
r sʲ	0.0	100	36443	4787	0.0
l nʲ	0.0	116	14418	16518	0.0
i a	0.0	678	88197	94085	0.0
d l	0.0	97	11859	14418	0.0
d m	0.0	89	11859	12403	0.0
zʲ a	0.0	101	2018	94085	0.0
e u	0.0	256	57565	21312	0.0
n kʲ	0.0	107	37273	5776	0.0
p tʲ	0.0	206	24288	33763	0.0
n fʲ	0.0	57	37273	1740	0.0
l kʲ	0.0	64	14418	5776	0.0
a u	0.0	314	94085	21312	0.0
u ɡʲ	0.0	48	21312	2211	0.0
r pʲ	0.0	106	36443	6309	0.0
j o	0.0	377	36528	83300	0.0
v rʲ	0.0	145	27065	16772	0.0
v l	0.0	134	27065	14418	0.0
ʐ ʐ	0.0	37	5455	5455	0.0
f kʲ	0.0	39	5763	5776	0.0
s ʂ	0.0	124	51666	6618	0.0
e xʲ	0.0	41	57565	650	0.0
v d	0.0	117	27065	11859	0.0
ʂ v	0.0	86	6618	27065	0.0
n ɕ	0.0	157	37273	16478	0.0
mʲ o	0.0	143	6233	83300	0.0
ɡ m	0.0	65	9126	12403	0.0
r p	0.0	180	36443	24288	0.0
t kʲ	0.0	111	58828	5776	0.0
zʲ o	0.0	78	2018	83300	0.0
vʲ o	0.0	150	7473	83300	0.0
tʲ u	0.0	160	33763	21312	0.0
d zʲ	0.0	29	11859	2018	0.0
d z	0.0	76	11859	13880	0.0
f x	0.0	31	5763	4756	0.0
n zʲ	0.0	51	37273	2018	0.0
r vʲ	0.0	97	36443	7473	0.0
r f	0.0	85	36443	5763	0.0
s v	0.0	219	51666	27065	0.0
s f	0.0	101	51666	5763	0.0
bʲ u	0.0	52	3704	21312	0.0
b dʲ	0.0	43	9086	5952	0.0
ʑ dʲ	0.0	1	5	5952	1.0
ʂ l	0.0	56	6618	14418	0.0
lʲ j	0.0	155	20272	36528	0.0
tʲ o	0.0	300	33763	83300	0.0
j nʲ	0.0	138	36528	16518	0.0
dʲ u	0.0	63	5952	21312	0.0
d ɡʲ	0.0	28	11859	2211	0.0
v mʲ	0.0	71	27065	6233	0.0
p ʂ	0.0	69	24288	6618	0.0
t l	0.0	158	58828	14418	0.0
t pʲ	0.0	104	58828	6309	0.0
lʲ k	0.0	132	20272	30932	0.0
sʲ u	0.0	53	4787	21312	0.0
l d	0.0	68	14418	11859	0.0
s fʲ	0.0	49	51666	1740	0.0
r z	0.0	116	36443	13880	0.0
p nʲ	0.0	103	24288	16518	0.0
l n	0.0	117	14418	37273	0.0
t x	0.0	84	58828	4756	0.0
t sʲ	0.0	84	58828	4787	0.0
lʲ m	0.0	79	20272	12403	0.0
ɡ z	0.0	56	9126	13880	0.0
m f	0.0	42	12403	5763	0.0
ʂ m	0.0	45	6618	12403	0.0
u kʲ	0.0	55	21312	5776	0.0
dʲ a	0.0	117	5952	94085	0.0
z z	0.0	68	13880	13880	0.0
b j	0.0	89	9086	36528	0.0
n ʐ	0.0	69	37273	5455	0.0
l bʲ	0.0	35	14418	3704	0.0
u fʲ	0.0	29	21312	1740	0.0
x tʲ	0.0	60	4756	33763	0.0
nʲ o	0.0	175	16518	83300	0.0
ʑ b	0.0	1	5	9086	1.0
f f	0.0	27	5763	5763	0.0
vʲ j	0.0	77	7473	36528	0.0
r l	0.0	106	36443	14418	0.0
rʲ j	0.0	114	16772	36528	0.0
u a	0.0	205	21312	94085	0.0
lʲ ʂ	0.0	53	20272	6618	0.0
k k	0.0	140	30932	30932	0.0
a i	0.0	412	94085	88197	0.0
n f	0.0	66	37273	5763	0.0
e i	0.0	318	57565	88197	0.0
e kʲ	0.0	81	57565	5776	0.0
t mʲ	0.0	85	58828	6233	0.0
nʲ u	0.0	83	16518	21312	0.0
pʲ j	0.0	67	6309	36528	0.0
m s	0.0	111	12403	51666	0.0
nʲ k	0.0	97	16518	30932	0.0
r zʲ	0.0	36	36443	2018	0.0
z j	0.0	92	13880	36528	0.0
r lʲ	0.0	111	36443	20272	0.0
b ɡ	0.0	37	9086	9126	0.0
p p	0.0	98	24288	24288	0.0
ɕ lʲ	0.0	73	16478	20272	0.0
zʲ u	0.0	26	2018	21312	0.0
p pʲ	0.0	49	24288	6309	0.0
m fʲ	0.0	18	12403	1740	0.0
lʲ fʲ	0.0	23	20272	1740	0.0
t m	0.0	104	58828	12403	0.0
m ɕ	0.0	55	12403	16478	0.0
x s	0.0	59	4756	51666	0.0
d j	0.0	78	11859	36528	0.0
dʲ j	0.0	55	5952	36528	0.0
ɡ zʲ	0.0	16	9126	2018	0.0
ʂ vʲ	0.0	26	6618	7473	0.0
ɕ kʲ	0.0	36	16478	5776	0.0
lʲ tʲ	0.0	96	20272	33763	0.0
l s	0.0	100	14418	51666	0.0
n xʲ	0.0	18	37273	650	0.0
p kʲ	0.0	43	24288	5776	0.0
p x	0.0	39	24288	4756	0.0
k nʲ	0.0	82	30932	16518	0.0
tʲ j	0.0	126	33763	36528	0.0
j t	0.0	165	36528	58828	0.0
sʲ o	0.0	71	4787	83300	0.0
n vʲ	0.0	59	37273	7473	0.0
n ʂ	0.0	55	37273	6618	0.0
r ɣ	0.0	5	36443	56	0.062
s rʲ	0.0	103	51666	16772	0.0
l b	0.0	40	14418	9086	0.0
n z	0.0	78	37273	13880	0.0
b v	0.0	53	9086	27065	0.0
bʲ a	0.0	63	3704	94085	0.0
ɡ v	0.0	53	9126	27065	0.0
lʲ dʲ	0.0	37	20272	5952	0.0
j sʲ	0.0	44	36528	4787	0.0
r rʲ	0.0	80	36443	16772	0.0
n x	0.0	42	37273	4756	0.0
ɕ rʲ	0.0	52	16478	16772	0.0
lʲ mʲ	0.0	35	20272	6233	0.0
lʲ z	0.0	52	20272	13880	0.0
i u	0.0	133	88197	21312	0.0
b d	0.0	31	9086	11859	0.0
m t	0.0	80	12403	58828	0.0
lʲ f	0.0	32	20272	5763	0.0
ʂ mʲ	0.0	19	6618	6233	0.0
v vʲ	0.0	42	27065	7473	0.0
ʂ tʲ	0.0	44	6618	33763	0.0
lʲ vʲ	0.0	36	20272	7473	0.0
lʲ sʲ	0.0	28	20272	4787	0.0
ɣ ɡʲ	0.0	1	56	2211	1.0
z zʲ	0.0	15	13880	2018	0.0
ɣ b	0.0	2	56	9086	0.5
ɡ d	0.0	29	9126	11859	0.0
nʲ ʂ	0.0	29	16518	6618	0.0
x k	0.0	33	4756	30932	0.0
bʲ o	0.0	47	3704	83300	0.0
ɡ mʲ	0.0	20	9126	6233	0.0
s r	0.0	115	51666	36443	0.0
t tʲ	0.0	117	58828	33763	0.0
b bʲ	0.0	15	9086	3704	0.0
lʲ ɡ	0.0	35	20272	9126	0.0
v zʲ	0.0	19	27065	2018	0.0
m ʂ	0.0	23	12403	6618	0.0
pʲ o	0.0	58	6309	83300	0.0
x vʲ	0.0	15	4756	7473	0.0
j ɕ	0.0	61	36528	16478	0.0
m kʲ	0.0	21	12403	5776	0.0
l m	0.0	33	14418	12403	0.0
zʲ j	0.0	21	2018	36528	0.0
e a	0.0	180	57565	94085	0.0
v dʲ	0.0	31	27065	5952	0.0
sʲ j	0.0	32	4787	36528	0.0
l z	0.0	34	14418	13880	0.0
f n	0.0	35	5763	37273	0.0
v m	0.0	43	27065	12403	0.0
ɕ t	0.0	73	16478	58828	0.0
x p	0.0	25	4756	24288	0.0
l tʲ	0.0	51	14418	33763	0.0
m r	0.0	49	12403	36443	0.0
r r	0.0	83	36443	36443	0.0
l dʲ	0.0	21	14418	5952	0.0
ʐ bʲ	0.0	10	5455	3704	0.002
u i	0.0	96	21312	88197	0.0
sʲ m	0.0	17	4787	12403	0.0
ɣ bʲ	0.0	1	56	3704	1.0
lʲ bʲ	0.0	19	20272	3704	0.0
k ʂ	0.0	31	30932	6618	0.0
kʲ u	0.0	24	5776	21312	0.0
b z	0.0	24	9086	13880	0.0
ʐ b	0.0	15	5455	9086	0.0
lʲ ɡʲ	0.0	14	20272	2211	0.0
j m	0.0	44	36528	12403	0.0
ʐ m	0.0	17	5455	12403	0.0
ɡ vʲ	0.0	17	9126	7473	0.0
j d	0.0	42	36528	11859	0.0
f m	0.0	17	5763	12403	0.0
bʲ j	0.0	23	3704	36528	0.0
l mʲ	0.0	18	14418	6233	0.0
p fʲ	0.0	12	24288	1740	0.0
ʐ lʲ	0.0	19	5455	20272	0.0
mʲ j	0.0	27	6233	36528	0.0
j mʲ	0.0	27	36528	6233	0.0
j dʲ	0.0	26	36528	5952	0.0
lʲ v	0.0	40	20272	27065	0.0
j b	0.0	31	36528	9086	0.0
lʲ b	0.0	23	20272	9086	0.0
ʂ s	0.0	31	6618	51666	0.0
j kʲ	0.0	24	36528	5776	0.0
l f	0.0	15	14418	5763	0.0
fʲ u	0.0	10	1740	21312	0.002
l vʲ	0.0	17	14418	7473	0.0
l p	0.0	30	14418	24288	0.0
l ɡʲ	0.0	9	14418	2211	0.004
ʐ ɡ	0.0	11	5455	9126	0.001
lʲ d	0.0	24	20272	11859	0.0
ɡ ɡ	0.0	14	9126	9126	0.0
x f	0.0	8	4756	5763	0.008
lʲ pʲ	0.0	17	20272	6309	0.0
b b	0.0	13	9086	9086	0.0
m l	0.0	19	12403	14418	0.0
zʲ b	0.0	6	2018	9086	0.031
o e	0.0	97	83300	57565	0.0
ɕ tʲ	0.0	33	16478	33763	0.0
ɕ m	0.0	20	16478	12403	0.0
j ɣ	0.0	2	36528	56	0.5
ʐ r	0.0	19	5455	36443	0.0
k kʲ	0.0	18	30932	5776	0.0
f mʲ	0.0	8	5763	6233	0.008
o a	0.0	116	83300	94085	0.0
m v	0.0	24	12403	27065	0.0
l xʲ	0.0	4	14418	650	0.125
s j	0.0	56	51666	36528	0.0
t fʲ	0.0	13	58828	1740	0.0
v ɡ	0.0	20	27065	9126	0.0
rʲ mʲ	0.0	13	16772	6233	0.0
u u	0.0	27	21312	21312	0.0
lʲ zʲ	0.0	8	20272	2018	0.008
x ʂ	0.0	7	4756	6618	0.016
ɡ dʲ	0.0	9	9126	5952	0.004
u o	0.0	51	21312	83300	0.0
lʲ kʲ	0.0	13	20272	5776	0.0
m sʲ	0.0	9	12403	4787	0.004
a e	0.0	85	94085	57565	0.0
t f	0.0	21	58828	5763	0.0
m ɡ	0.0	12	12403	9126	0.0
u e	0.0	38	21312	57565	0.0
j tʲ	0.0	38	36528	33763	0.0
n v	0.0	34	37273	27065	0.0
m z	0.0	14	12403	13880	0.0
j lʲ	0.0	29	36528	20272	0.0
j l	0.0	24	36528	14418	0.0
ɕ v	0.0	22	16478	27065	0.0
v ɡʲ	0.0	8	27065	2211	0.008
l ʂ	0.0	10	14418	6618	0.002
v b	0.0	16	27065	9086	0.0
fʲ a	0.0	13	1740	94085	0.0
m zʲ	0.0	5	12403	2018	0.062
lʲ p	0.0	22	20272	24288	0.0
l x	0.0	8	14418	4756	0.008
v v	0.0	26	27065	27065	0.0
mʲ u	0.0	11	6233	21312	0.001
pʲ u	0.0	11	6309	21312	0.001
l pʲ	0.0	9	14418	6309	0.004
l v	0.0	18	14418	27065	0.0
ɕ vʲ	0.0	10	16478	7473	0.002
j f	0.0	13	36528	5763	0.0
f i	0.0	20	5763	88197	0.0
ɡ b	0.0	8	9126	9086	0.008
fʲ j	0.0	7	1740	36528	0.016
vʲ u	0.0	11	7473	21312	0.001
ɕ ʂ	0.0	9	16478	6618	0.004
ɡ bʲ	0.0	5	9126	3704	0.062
x x	0.0	4	4756	4756	0.125
ʐ rʲ	0.0	8	5455	16772	0.008
j x	0.0	11	36528	4756	0.001
f ɡ	0.0	6	5763	9126	0.031
v ʐ	0.0	10	27065	5455	0.002
j r	0.0	30	36528	36443	0.0
j zʲ	0.0	7	36528	2018	0.016
dʲ m	0.0	7	5952	12403	0.016
l fʲ	0.0	4	14418	1740	0.125
i i	0.0	70	88197	88197	0.0
s ɕ	0.0	23	51666	16478	0.0
n r	0.0	29	37273	36443	0.0
a o	0.0	69	94085	83300	0.0
kʲ o	0.0	17	5776	83300	0.0
j ɡ	0.0	14	36528	9126	0.0
x kʲ	0.0	4	4756	5776	0.125
ʂ rʲ	0.0	8	6618	16772	0.008
k x	0.0	9	30932	4756	0.004
nʲ ɡ	0.0	9	16518	9126	0.004
x pʲ	0.0	4	4756	6309	0.125
m vʲ	0.0	7	12403	7473	0.016
k mʲ	0.0	10	30932	6233	0.002
k m	0.0	14	30932	12403	0.0
lʲ x	0.0	7	20272	4756	0.016
n b	0.0	13	37273	9086	0.0
rʲ k	0.0	16	16772	30932	0.0
b zʲ	0.0	3	9086	2018	0.25
v bʲ	0.0	7	27065	3704	0.016
ʐ z	0.0	6	5455	13880	0.031
ʐ mʲ	0.0	4	5455	6233	0.125
dʲ b	0.0	5	5952	9086	0.062
p f	0.0	8	24288	5763	0.008
l ɕ	0.0	10	14418	16478	0.002
t xʲ	0.0	4	58828	650	0.125
x sʲ	0.0	3	4756	4787	0.25
m dʲ	0.0	5	12403	5952	0.062
j z	0.0	13	36528	13880	0.0
sʲ k	0.0	7	4787	30932	0.016
sʲ kʲ	0.0	3	4787	5776	0.25
n p	0.0	17	37273	24288	0.0
zʲ mʲ	0.0	2	2018	6233	0.5
l zʲ	0.0	3	14418	2018	0.25
lʲ xʲ	0.0	2	20272	650	0.5
t j	0.0	24	58828	36528	0.0
j fʲ	0.0	4	36528	1740	0.125
fʲ o	0.0	6	1740	83300	0.031
ɕ mʲ	0.0	5	16478	6233	0.062
ʂ xʲ	0.0	1	6618	650	1.0
n j	0.0	17	37273	36528	0.0
x j	0.0	6	4756	36528	0.031
ʂ r	0.0	7	6618	36443	0.016
j ɡʲ	0.0	4	36528	2211	0.125
a ɣ	0.0	1	94085	56	1.0
f bʲ	0.0	2	5763	3704	0.5
dʲ bʲ	0.0	2	5952	3704	0.5
nʲ ʐ	0.0	4	16518	5455	0.125
v j	0.0	13	27065	36528	0.0
j v	0.0	13	36528	27065	0.0
ʐ v	0.0	5	5455	27065	0.062
b xʲ	0.0	1	9086	650	1.0
f nʲ	0.0	4	5763	16518	0.125
n lʲ	0.0	11	37273	20272	0.001
e e	0.0	23	57565	57565	0.0
d f	0.0	3	11859	5763	0.25
ʂ sʲ	0.0	2	6618	4787	0.5
m rʲ	0.0	5	12403	16772	0.062
tʲ b	0.0	6	33763	9086	0.031
ɕ x	0.0	3	16478	4756	0.25
k z	0.0	7	30932	13880	0.016
nʲ ɡʲ	0.0	2	16518	2211	0.5
m d	0.0	4	12403	11859	0.125
j pʲ	0.0	5	36528	6309	0.062
mʲ dʲ	0.0	2	6233	5952	0.5
a a	0.0	30	94085	94085	0.0
sʲ b	0.0	2	4787	9086	0.5
nʲ dʲ	0.0	3	16518	5952	0.25
x e	0.0	5	4756	57565	0.062
n l	0.0	7	37273	14418	0.016
ʂ fʲ	0.0	1	6618	1740	1.0
tʲ m	0.0	6	33763	12403	0.031
zʲ kʲ	0.0	1	2018	5776	1.0
ɡʲ u	0.0	2	2211	21312	0.5
ʐ ɡʲ	0.0	1	5455	2211	1.0
lʲ ʐ	0.0	3	20272	5455	0.25
rʲ m	0.0	4	16772	12403	0.125
k fʲ	0.0	2	30932	1740	0.5
ɡ p	0.0	4	9126	24288	0.125
tʲ fʲ	0.0	2	33763	1740	0.5
p ʐ	0.0	3	24288	5455	0.25
m x	0.0	2	12403	4756	0.5
p xʲ	0.0	1	24288	650	1.0
nʲ b	0.0	3	16518	9086	0.25
m ʐ	0.0	2	12403	5455	0.5
l sʲ	0.0	2	14418	4787	0.5
rʲ s	0.0	7	16772	51666	0.016
sʲ bʲ	0.0	1	4787	3704	1.0
p m	0.0	4	24288	12403	0.125
ʐ l	0.0	2	5455	14418	0.5
k xʲ	0.0	1	30932	650	1.0
ɡ ɡʲ	0.0	1	9126	2211	1.0
n e	0.0	10	37273	57565	0.002
nʲ d	0.0	3	16518	11859	0.25
j xʲ	0.0	1	36528	650	1.0
rʲ kʲ	0.0	2	16772	5776	0.5
d e	0.0	5	11859	57565	0.062
m ɡʲ	0.0	1	12403	2211	1.0
n m	0.0	4	37273	12403	0.125
k p	0.0	5	30932	24288	0.062
ʂ x	0.0	1	6618	4756	1.0
j bʲ	0.0	2	36528	3704	0.5
n bʲ	0.0	2	37273	3704	0.5
j p	0.0	5	36528	24288	0.062
rʲ b	0.0	2	16772	9086	0.5
n rʲ	0.0	4	37273	16772	0.125
ʐ vʲ	0.0	1	5455	7473	1.0
t e	0.0	9	58828	57565	0.004
i e	0.0	11	88197	57565	0.001
f vʲ	0.0	1	5763	7473	1.0
k f	0.0	2	30932	5763	0.5
m e	0.0	4	12403	57565	0.125
dʲ k	0.0	2	5952	30932	0.5
ɡ ʐ	0.0	1	9126	5455	1.0
tʲ dʲ	0.0	2	33763	5952	0.5
ɡ i	0.0	4	9126	88197	0.125
n mʲ	0.0	2	37273	6233	0.5
ʂ b	0.0	1	6618	9086	1.0
ɡ ʂ	0.0	1	9126	6618	1.0
l rʲ	0.0	2	14418	16772	0.5
zʲ k	0.0	1	2018	30932	1.0
v t	0.0	5	27065	58828	0.062
tʲ k	0.0	4	33763	30932	0.125
j rʲ	0.0	3	36528	16772	0.25
f d	0.0	1	5763	11859	1.0
b k	0.0	2	9086	30932	0.5
tʲ ɡʲ	0.0	1	33763	2211	1.0
t d	0.0	3	58828	11859	0.25
mʲ s	0.0	2	6233	51666	0.5
rʲ dʲ	0.0	1	16772	5952	1.0
nʲ mʲ	0.0	1	16518	6233	1.0
m tʲ	0.0	2	12403	33763	0.5
tʲ s	0.0	4	33763	51666	0.125
v sʲ	0.0	1	27065	4787	1.0
kʲ a	0.0	2	5776	94085	0.5
p dʲ	0.0	1	24288	5952	1.0
rʲ ɡ	0.0	1	16772	9126	1.0
p e	0.0	3	24288	57565	0.25
v pʲ	0.0	1	27065	6309	1.0
v ʂ	0.0	1	27065	6618	1.0
s z	0.0	2	51666	13880	0.5
k dʲ	0.0	1	30932	5952	1.0
ɡʲ o	0.0	1	2211	83300	1.0
s bʲ	0.0	1	51666	3704	1.0
tʲ f	0.0	1	33763	5763	1.0
k pʲ	0.0	1	30932	6309	1.0
ʐ j	0.0	1	5455	36528	1.0
nʲ m	0.0	1	16518	12403	1.0
ɡʲ a	0.0	1	2211	94085	1.0
kʲ j	0.0	1	5776	36528	1.0
ɕ s	0.0	2	16478	51666	0.5
nʲ s	0.0	2	16518	51666	0.5
p ɡ	0.0	1	24288	9126	1.0
r e	0.0	3	36443	57565	0.25
n pʲ	0.0	1	37273	6309	1.0
ɕ l	0.0	1	16478	14418	1.0
j vʲ	0.0	1	36528	7473	1.0
k b	0.0	1	30932	9086	1.0
ɡ k	0.0	1	9126	30932	1.0
dʲ s	0.0	1	5952	51666	1.0
z p	0.0	1	13880	24288	1.0
t dʲ	0.0	1	58828	5952	1.0
d k	0.0	1	11859	30932	1.0
ɕ p	0.0	1	16478	24288	1.0
tʲ d	0.0	1	33763	11859	1.0
rʲ p	0.0	1	16772	24288	1.0
b s	0.0	1	9086	51666	1.0
s b	0.0	1	51666	9086	1.0
tʲ t	0.0	2	33763	58828	0.5
k ɕ	0.0	1	30932	16478	1.0
b e	0.0	1	9086	57565	1.0
t b	0.0	1	58828	9086	1.0
ɕ r	0.0	1	16478	36443	1.0
nʲ r	0.0	1	16518	36443	1.0
s d	0.0	1	51666	11859	1.0
k i	0.0	2	30932	88197	0.5
lʲ r	0.0	1	20272	36443	1.0
v k	0.0	1	27065	30932	1.0
tʲ v	0.0	1	33763	27065	1.0
rʲ t	0.0	1	16772	58828	1.0
k e	0.0	1	30932	57565	1.0
