ngram	insep	N(C1C2)	N(C1)	N(C2)	p(C1C2)
ɲ c	0.12	312	696	1720	0.0
a ŋ	0.06	1544	14393	4286	0.0
e u	0.06	1195	5634	6582	0.0
a n	0.06	1436	14393	3721	0.0
n d	0.05	590	3721	2563	0.0
r a	0.04	1511	6115	14393	0.0
a r	0.04	1490	14393	6115	0.0
p a	0.04	1125	3519	14393	0.0
ɲ ɟ	0.04	147	696	1252	0.0
m b	0.03	444	3214	2962	0.0
b a	0.03	928	2962	14393	0.0
l a	0.03	1163	4689	14393	0.0
n t	0.03	583	3721	4648	0.0
a h	0.03	786	14393	2240	0.0
m p	0.03	462	3214	3519	0.0
s i	0.03	645	4089	5508	0.0
a l	0.03	1103	14393	4689	0.0
k a	0.03	1176	5513	14393	0.0
u ŋ	0.03	700	6582	4286	0.0
o ŋ	0.02	562	4535	4286	0.0
t a	0.02	1029	4648	14393	0.0
u r	0.02	791	6582	6115	0.0
l i	0.02	628	4689	5508	0.0
ŋ k	0.02	598	4286	5513	0.0
r i	0.02	712	6115	5508	0.0
w a	0.02	495	1137	14393	0.0
s a	0.02	935	4089	14393	0.0
m a	0.02	813	3214	14393	0.0
g e	0.02	462	2682	5634	0.0
a m	0.02	804	14393	3214	0.0
l e	0.02	592	4689	5634	0.0
a j	0.02	379	14393	770	0.0
d a	0.02	690	2563	14393	0.0
r E	0.02	538	6115	3731	0.0
c a	0.02	556	1720	14393	0.0
e r	0.02	646	5634	6115	0.0
i ŋ	0.02	532	5508	4286	0.0
a k	0.02	975	14393	5513	0.0
ɟ a	0.02	463	1252	14393	0.0
b u	0.02	470	2962	6582	0.0
k o	0.02	531	5513	4535	0.0
l E	0.02	444	4689	3731	0.0
g a	0.02	658	2682	14393	0.0
ŋ g	0.02	356	4286	2682	0.0
e l	0.02	534	5634	4689	0.0
E ŋ	0.02	410	3731	4286	0.0
u l	0.02	569	6582	4689	0.0
p e	0.02	456	3519	5634	0.0
t i	0.01	514	4648	5508	0.0
a t	0.01	822	14393	4648	0.0
k e	0.01	552	5513	5634	0.0
r e	0.01	576	6115	5634	0.0
r o	0.01	514	6115	4535	0.0
b e	0.01	394	2962	5634	0.0
o l	0.01	442	4535	4689	0.0
u n	0.01	472	6582	3721	0.0
o r	0.01	497	4535	6115	0.0
a s	0.01	715	14393	4089	0.0
o n	0.01	382	4535	3721	0.0
i s	0.01	435	5508	4089	0.0
E n	0.01	341	3731	3721	0.0
l o	0.01	422	4689	4535	0.0
d e	0.01	347	2563	5634	0.0
u h	0.01	350	6582	2240	0.0
r u	0.01	574	6115	6582	0.0
u m	0.01	414	6582	3214	0.0
i n	0.01	407	5508	3721	0.0
E k	0.01	402	3731	5513	0.0
e m	0.01	376	5634	3214	0.0
k u	0.01	527	5513	6582	0.0
u k	0.01	519	6582	5513	0.0
a w	0.01	348	14393	1137	0.0
j a	0.01	286	770	14393	0.0
o k	0.01	426	4535	5513	0.0
e ŋ	0.01	417	5634	4286	0.0
h a	0.01	478	2240	14393	0.0
d o	0.01	287	2563	4535	0.0
e n	0.01	384	5634	3721	0.0
b o	0.01	307	2962	4535	0.0
i r	0.01	484	5508	6115	0.0
g o	0.01	290	2682	4535	0.0
s e	0.01	397	4089	5634	0.0
ɟ e	0.01	219	1252	5634	0.0
p i	0.01	358	3519	5508	0.0
t o	0.01	370	4648	4535	0.0
c i	0.01	248	1720	5508	0.0
t u	0.01	445	4648	6582	0.0
d u	0.01	324	2563	6582	0.0
u t	0.01	432	6582	4648	0.0
i k	0.01	427	5508	5513	0.0
E h	0.01	224	3731	2240	0.0
c e	0.01	241	1720	5634	0.0
l u	0.01	427	4689	6582	0.0
t E	0.01	317	4648	3731	0.0
c o	0.01	212	1720	4535	0.0
E t	0.01	316	3731	4648	0.0
d i	0.01	284	2563	5508	0.0
w i	0.01	189	1137	5508	0.0
p u	0.01	361	3519	6582	0.0
E r	0.01	358	3731	6115	0.0
t e	0.01	381	4648	5634	0.0
s u	0.01	386	4089	6582	0.0
p o	0.01	294	3519	4535	0.0
d E	0.01	227	2563	3731	0.0
a ɲ	0.01	231	14393	696	0.0
p E	0.01	264	3519	3731	0.0
i t	0.01	367	5508	4648	0.0
i l	0.01	365	5508	4689	0.0
c E	0.01	176	1720	3731	0.0
n a	0.01	504	3721	14393	0.0
a d	0.01	417	14393	2563	0.0
g u	0.01	287	2682	6582	0.0
k E	0.01	294	5513	3731	0.0
e t	0.01	330	5634	4648	0.0
ɟ u	0.01	185	1252	6582	0.0
u s	0.01	329	6582	4089	0.0
E l	0.01	262	3731	4689	0.0
u j	0.01	140	6582	770	0.0
m u	0.01	285	3214	6582	0.0
b i	0.01	248	2962	5508	0.0
o g	0.01	214	4535	2682	0.0
w e	0.01	155	1137	5634	0.0
o t	0.01	279	4535	4648	0.0
u d	0.01	243	6582	2563	0.0
e g	0.0	228	5634	2682	0.0
a p	0.0	417	14393	3519	0.0
g E	0.0	185	2682	3731	0.0
a g	0.0	363	14393	2682	0.0
e k	0.0	325	5634	5513	0.0
s E	0.0	226	4089	3731	0.0
a b	0.0	373	14393	2962	0.0
ɟ o	0.0	136	1252	4535	0.0
e d	0.0	215	5634	2563	0.0
b E	0.0	187	2962	3731	0.0
c u	0.0	188	1720	6582	0.0
m e	0.0	234	3214	5634	0.0
s o	0.0	232	4089	4535	0.0
i h	0.0	187	5508	2240	0.0
m i	0.0	223	3214	5508	0.0
o m	0.0	202	4535	3214	0.0
o s	0.0	227	4535	4089	0.0
e b	0.0	215	5634	2962	0.0
k i	0.0	289	5513	5508	0.0
g i	0.0	201	2682	5508	0.0
i m	0.0	219	5508	3214	0.0
u g	0.0	216	6582	2682	0.0
e ɲ	0.0	99	5634	696	0.0
e p	0.0	217	5634	3519	0.0
ɟ i	0.0	127	1252	5508	0.0
o d	0.0	161	4535	2563	0.0
E s	0.0	184	3731	4089	0.0
j u	0.0	106	770	6582	0.0
o j	0.0	87	4535	770	0.0
a ʔ	0.0	45	14393	65	0.0
o h	0.0	147	4535	2240	0.0
w E	0.0	90	1137	3731	0.0
n i	0.0	197	3721	5508	0.0
m o	0.0	165	3214	4535	0.0
a ɟ	0.0	182	14393	1252	0.0
i d	0.0	160	5508	2563	0.0
E w	0.0	87	3731	1137	0.0
o ɲ	0.0	75	4535	696	0.0
E m	0.0	146	3731	3214	0.0
u p	0.0	197	6582	3519	0.0
u ɲ	0.0	86	6582	696	0.0
m E	0.0	139	3214	3731	0.0
w u	0.0	109	1137	6582	0.0
i ɲ	0.0	77	5508	696	0.0
i g	0.0	151	5508	2682	0.0
e s	0.0	188	5634	4089	0.0
t r	0.0	208	4648	6115	0.0
p r	0.0	180	3519	6115	0.0
j o	0.0	71	770	4535	0.0
E d	0.0	117	3731	2563	0.0
ŋ s	0.0	157	4286	4089	0.0
b r	0.0	157	2962	6115	0.0
h i	0.0	127	2240	5508	0.0
w o	0.0	81	1137	4535	0.0
i w	0.0	89	5508	1137	0.0
u b	0.0	157	6582	2962	0.0
o p	0.0	139	4535	3519	0.0
E g	0.0	108	3731	2682	0.0
ʔ a	0.0	33	65	14393	0.0
ɟ E	0.0	72	1252	3731	0.0
h E	0.0	96	2240	3731	0.0
s t	0.0	143	4089	4648	0.0
ŋ a	0.0	251	4286	14393	0.0
h u	0.0	121	2240	6582	0.0
u ɟ	0.0	89	6582	1252	0.0
a c	0.0	154	14393	1720	0.0
e w	0.0	78	5634	1137	0.0
i p	0.0	134	5508	3519	0.0
p l	0.0	123	3519	4689	0.0
f i	0.0	19	73	5508	0.0
E p	0.0	108	3731	3519	0.0
o b	0.0	108	4535	2962	0.0
E ɲ	0.0	47	3731	696	0.0
o c	0.0	77	4535	1720	0.0
u w	0.0	75	6582	1137	0.0
u c	0.0	91	6582	1720	0.0
h o	0.0	85	2240	4535	0.0
n E	0.0	99	3721	3731	0.0
b l	0.0	99	2962	4689	0.0
E c	0.0	66	3731	1720	0.0
j e	0.0	54	770	5634	0.0
ɲ a	0.0	82	696	14393	0.0
ɲ o	0.0	44	696	4535	0.0
i b	0.0	100	5508	2962	0.0
ɲ e	0.0	46	696	5634	0.0
h e	0.0	82	2240	5634	0.0
i a	0.0	204	5508	14393	0.0
v i	0.0	8	23	5508	0.008
o ɟ	0.0	52	4535	1252	0.0
e c	0.0	67	5634	1720	0.0
a f	0.0	22	14393	73	0.0
k s	0.0	101	5513	4089	0.0
n o	0.0	85	3721	4535	0.0
e j	0.0	43	5634	770	0.0
i f	0.0	13	5508	73	0.0
n u	0.0	90	3721	6582	0.0
c l	0.0	50	1720	4689	0.0
ŋ e	0.0	86	4286	5634	0.0
i ɟ	0.0	45	5508	1252	0.0
n e	0.0	76	3721	5634	0.0
ŋ o	0.0	73	4286	4535	0.0
n s	0.0	64	3721	4089	0.0
o w	0.0	37	4535	1137	0.0
i c	0.0	49	5508	1720	0.0
k r	0.0	92	5513	6115	0.0
ŋ c	0.0	43	4286	1720	0.0
d r	0.0	62	2563	6115	0.0
E b	0.0	52	3731	2962	0.0
f a	0.0	16	73	14393	0.0
c r	0.0	49	1720	6115	0.0
ŋ E	0.0	60	4286	3731	0.0
j E	0.0	25	770	3731	0.0
e ɟ	0.0	39	5634	1252	0.0
ɲ E	0.0	23	696	3731	0.0
E o	0.0	58	3731	4535	0.0
ŋ h	0.0	43	4286	2240	0.0
n f	0.0	7	3721	73	0.016
u a	0.0	128	6582	14393	0.0
ŋ p	0.0	51	4286	3519	0.0
r t	0.0	67	6115	4648	0.0
v o	0.0	4	23	4535	0.125
ŋ b	0.0	44	4286	2962	0.0
z h	0.0	1	3	2240	1.0
k l	0.0	62	5513	4689	0.0
E ɟ	0.0	26	3731	1252	0.0
ŋ i	0.0	58	4286	5508	0.0
g r	0.0	48	2682	6115	0.0
ŋ ɟ	0.0	26	4286	1252	0.0
ɲ u	0.0	24	696	6582	0.0
E j	0.0	19	3731	770	0.0
ŋ t	0.0	50	4286	4648	0.0
ŋ d	0.0	37	4286	2563	0.0
k t	0.0	56	5513	4648	0.0
ʔ m	0.0	5	65	3214	0.062
ŋ u	0.0	57	4286	6582	0.0
v E	0.0	3	23	3731	0.25
E v	0.0	3	3731	23	0.25
E a	0.0	75	3731	14393	0.0
ɟ r	0.0	28	1252	6115	0.0
ʔ i	0.0	6	65	5508	0.031
s m	0.0	35	4089	3214	0.0
i u	0.0	58	5508	6582	0.0
a z	0.0	2	14393	3	0.5
r s	0.0	48	6115	4089	0.0
f E	0.0	5	73	3731	0.062
r d	0.0	37	6115	2563	0.0
s r	0.0	46	4089	6115	0.0
ɲ i	0.0	18	696	5508	0.0
ŋ l	0.0	41	4286	4689	0.0
i o	0.0	44	5508	4535	0.0
r m	0.0	39	6115	3214	0.0
i e	0.0	49	5508	5634	0.0
v a	0.0	5	23	14393	0.062
b j	0.0	13	2962	770	0.0
v e	0.0	3	23	5634	0.25
s p	0.0	31	4089	3519	0.0
r n	0.0	38	6115	3721	0.0
s w	0.0	17	4089	1137	0.0
a u	0.0	76	14393	6582	0.0
z i	0.0	1	3	5508	1.0
i z	0.0	1	5508	3	1.0
z k	0.0	1	3	5513	1.0
u ʔ	0.0	5	6582	65	0.062
o ʔ	0.0	4	4535	65	0.125
j i	0.0	15	770	5508	0.0
ʔ l	0.0	4	65	4689	0.125
r w	0.0	19	6115	1137	0.0
u i	0.0	43	6582	5508	0.0
g ɟ	0.0	13	2682	1252	0.0
h m	0.0	19	2240	3214	0.0
ŋ r	0.0	36	4286	6115	0.0
ɟ l	0.0	17	1252	4689	0.0
f o	0.0	4	73	4535	0.125
h w	0.0	11	2240	1137	0.001
n v	0.0	2	3721	23	0.5
g f	0.0	3	2682	73	0.25
s k	0.0	32	4089	5513	0.0
E E	0.0	25	3731	3731	0.0
o E	0.0	27	4535	3731	0.0
r g	0.0	26	6115	2682	0.0
a i	0.0	57	14393	5508	0.0
a o	0.0	51	14393	4535	0.0
a E	0.0	45	14393	3731	0.0
g d	0.0	16	2682	2563	0.0
p j	0.0	10	3519	770	0.002
r b	0.0	25	6115	2962	0.0
u e	0.0	35	6582	5634	0.0
i v	0.0	2	5508	23	0.5
r ɟ	0.0	14	6115	1252	0.0
i ʔ	0.0	3	5508	65	0.25
e ʔ	0.0	3	5634	65	0.25
k b	0.0	20	5513	2962	0.0
h l	0.0	16	2240	4689	0.0
d ʔ	0.0	2	2563	65	0.5
k c	0.0	15	5513	1720	0.0
i j	0.0	10	5508	770	0.002
h k	0.0	17	2240	5513	0.0
o a	0.0	38	4535	14393	0.0
ʔ b	0.0	2	65	2962	0.5
r k	0.0	26	6115	5513	0.0
ʔ j	0.0	1	65	770	1.0
k w	0.0	11	5513	1137	0.001
f u	0.0	3	73	6582	0.25
h c	0.0	8	2240	1720	0.008
ʔ n	0.0	2	65	3721	0.5
h j	0.0	5	2240	770	0.062
h r	0.0	14	2240	6115	0.0
h d	0.0	9	2240	2563	0.004
r c	0.0	12	6115	1720	0.0
p s	0.0	14	3519	4089	0.0
ʔ o	0.0	2	65	4535	0.5
ʔ w	0.0	1	65	1137	1.0
g l	0.0	13	2682	4689	0.0
s l	0.0	16	4089	4689	0.0
m l	0.0	14	3214	4689	0.0
d j	0.0	5	2563	770	0.062
ʔ ɟ	0.0	1	65	1252	1.0
f l	0.0	2	73	4689	0.5
k g	0.0	13	5513	2682	0.0
r h	0.0	12	6115	2240	0.0
ŋ m	0.0	12	4286	3214	0.0
p t	0.0	13	3519	4648	0.0
h p	0.0	9	2240	3519	0.004
ʔ r	0.0	2	65	6115	0.5
r ʔ	0.0	2	6115	65	0.5
l j	0.0	6	4689	770	0.031
e h	0.0	11	5634	2240	0.001
o v	0.0	1	4535	23	1.0
ʔ u	0.0	2	65	6582	0.5
r p	0.0	14	6115	3519	0.0
f r	0.0	2	73	6115	0.5
r f	0.0	2	6115	73	0.5
r l	0.0	16	6115	4689	0.0
d w	0.0	5	2563	1137	0.062
u f	0.0	2	6582	73	0.5
l d	0.0	10	4689	2563	0.002
h g	0.0	7	2240	2682	0.016
e v	0.0	1	5634	23	1.0
h n	0.0	8	2240	3721	0.008
m s	0.0	10	3214	4089	0.002
u u	0.0	18	6582	6582	0.0
r v	0.0	1	6115	23	1.0
s b	0.0	9	4089	2962	0.004
m j	0.0	4	3214	770	0.125
k p	0.0	11	5513	3519	0.001
ʔ d	0.0	1	65	2563	1.0
l b	0.0	9	4689	2962	0.004
k d	0.0	9	5513	2563	0.004
k m	0.0	10	5513	3214	0.002
l m	0.0	9	4689	3214	0.004
f d	0.0	1	73	2563	1.0
r j	0.0	5	6115	770	0.062
a a	0.0	33	14393	14393	0.0
f g	0.0	1	73	2682	1.0
m r	0.0	10	3214	6115	0.002
n p	0.0	8	3721	3519	0.008
o o	0.0	10	4535	4535	0.002
ŋ j	0.0	4	4286	770	0.125
g b	0.0	6	2682	2962	0.031
t m	0.0	8	4648	3214	0.008
m f	0.0	1	3214	73	1.0
ʔ E	0.0	1	65	3731	1.0
g t	0.0	7	2682	4648	0.016
ʔ s	0.0	1	65	4089	1.0
t n	0.0	8	4648	3721	0.008
f s	0.0	1	73	4089	1.0
h ɟ	0.0	3	2240	1252	0.25
l k	0.0	9	4689	5513	0.004
ŋ n	0.0	7	4286	3721	0.016
m d	0.0	5	3214	2563	0.062
a v	0.0	1	14393	23	1.0
o f	0.0	1	4535	73	1.0
t f	0.0	1	4648	73	1.0
t l	0.0	8	4648	4689	0.008
l f	0.0	1	4689	73	1.0
ʔ e	0.0	1	65	5634	1.0
i i	0.0	9	5508	5508	0.004
l s	0.0	7	4689	4089	0.016
t j	0.0	3	4648	770	0.25
e f	0.0	1	5634	73	1.0
b h	0.0	4	2962	2240	0.125
s n	0.0	6	4089	3721	0.031
l p	0.0	6	4689	3519	0.031
g c	0.0	3	2682	1720	0.25
s ɟ	0.0	3	4089	1252	0.25
k n	0.0	6	5513	3721	0.031
s h	0.0	4	4089	2240	0.125
h s	0.0	4	2240	4089	0.125
d h	0.0	3	2563	2240	0.25
h t	0.0	4	2240	4648	0.125
l h	0.0	4	4689	2240	0.125
g h	0.0	3	2682	2240	0.25
a e	0.0	11	14393	5634	0.001
p c	0.0	3	3519	1720	0.25
o i	0.0	6	4535	5508	0.031
m h	0.0	3	3214	2240	0.25
b d	0.0	3	2962	2563	0.25
p h	0.0	3	3519	2240	0.25
l c	0.0	3	4689	1720	0.25
d m	0.0	3	2563	3214	0.25
b ɟ	0.0	2	2962	1252	0.5
u E	0.0	5	6582	3731	0.062
ɟ m	0.0	2	1252	3214	0.5
m ɟ	0.0	2	3214	1252	0.5
n w	0.0	2	3721	1137	0.5
n g	0.0	3	3721	2682	0.25
s d	0.0	3	4089	2563	0.25
ŋ w	0.0	2	4286	1137	0.5
n k	0.0	4	3721	5513	0.125
t w	0.0	2	4648	1137	0.5
j c	0.0	1	770	1720	1.0
l l	0.0	4	4689	4689	0.125
m c	0.0	2	3214	1720	0.5
ɟ w	0.0	1	1252	1137	1.0
p n	0.0	3	3519	3721	0.25
l ɟ	0.0	2	4689	1252	0.5
t b	0.0	3	4648	2962	0.25
h ɲ	0.0	1	2240	696	1.0
t k	0.0	4	4648	5513	0.125
h b	0.0	2	2240	2962	0.5
j h	0.0	1	770	2240	1.0
s c	0.0	2	4089	1720	0.5
d ɲ	0.0	1	2563	696	1.0
g j	0.0	1	2682	770	1.0
j g	0.0	1	770	2682	1.0
g m	0.0	2	2682	3214	0.5
p k	0.0	3	3519	5513	0.25
g p	0.0	2	2682	3519	0.5
l t	0.0	3	4689	4648	0.25
t h	0.0	2	4648	2240	0.5
s g	0.0	2	4089	2682	0.5
j n	0.0	1	770	3721	1.0
m n	0.0	2	3214	3721	0.5
b s	0.0	2	2962	4089	0.5
t g	0.0	2	4648	2682	0.5
s j	0.0	1	4089	770	1.0
m t	0.0	2	3214	4648	0.5
k ɲ	0.0	1	5513	696	1.0
t p	0.0	2	4648	3519	0.5
s s	0.0	2	4089	4089	0.5
r ɲ	0.0	1	6115	696	1.0
d c	0.0	1	2563	1720	1.0
ɟ n	0.0	1	1252	3721	1.0
t s	0.0	2	4648	4089	0.5
h h	0.0	1	2240	2240	1.0
E i	0.0	2	3731	5508	0.5
l w	0.0	1	4689	1137	1.0
t ɟ	0.0	1	4648	1252	1.0
d d	0.0	1	2563	2563	1.0
d g	0.0	1	2563	2682	1.0
ɟ k	0.0	1	1252	5513	1.0
k ɟ	0.0	1	5513	1252	1.0
l r	0.0	2	4689	6115	0.5
k k	0.0	2	5513	5513	0.5
t c	0.0	1	4648	1720	1.0
n h	0.0	1	3721	2240	1.0
b b	0.0	1	2962	2962	1.0
p g	0.0	1	3519	2682	1.0
h ŋ	0.0	1	2240	4286	1.0
g n	0.0	1	2682	3721	1.0
m m	0.0	1	3214	3214	1.0
d s	0.0	1	2563	4089	1.0
g s	0.0	1	2682	4089	1.0
b n	0.0	1	2962	3721	1.0
n b	0.0	1	3721	2962	1.0
d l	0.0	1	2563	4689	1.0
b ŋ	0.0	1	2962	4286	1.0
d k	0.0	1	2563	5513	1.0
g k	0.0	1	2682	5513	1.0
n l	0.0	1	3721	4689	1.0
m k	0.0	1	3214	5513	1.0
i E	0.0	1	5508	3731	1.0
t t	0.0	1	4648	4648	1.0
n r	0.0	1	3721	6115	1.0
k ŋ	0.0	1	5513	4286	1.0
o u	0.0	1	4535	6582	1.0
