ngram	insep	N(C1C2)	N(C1)	N(C2)	p(C1C2)
t ɕ	2.88	1591	6710	1854	0.0
s t	0.35	902	4911	6710	0.0
t s	0.31	857	6710	4911	0.0
s tʲ	0.23	406	4911	2080	0.0
p rʲ	0.22	354	2898	2758	0.0
n t	0.12	502	4279	6710	0.0
p r	0.1	334	2898	5653	0.0
t r	0.08	461	6710	5653	0.0
s k	0.07	345	4911	4725	0.0
n d	0.07	203	4279	1939	0.0
n tʲ	0.06	187	4279	2080	0.0
b rʲ	0.05	140	1835	2758	0.0
t rʲ	0.05	255	6710	2758	0.0
n dʲ	0.04	120	4279	1222	0.0
n ɡ	0.04	139	4279	1719	0.0
ɡ r	0.04	159	1719	5653	0.0
b r	0.04	163	1835	5653	0.0
p l	0.04	135	2898	2520	0.0
l lʲ	0.03	135	2520	2990	0.0
s pʲ	0.03	100	4911	873	0.0
s sʲ	0.03	102	4911	950	0.0
ɡ rʲ	0.03	100	1719	2758	0.0
d ʐ	0.03	62	1939	1018	0.0
r t	0.03	269	5653	6710	0.0
p lʲ	0.03	128	2898	2990	0.0
m b	0.03	85	2166	1835	0.0
b lʲ	0.02	98	1835	2990	0.0
z d	0.02	61	1181	1939	0.0
k rʲ	0.02	144	4725	2758	0.0
s p	0.02	147	4911	2898	0.0
ʐ dʲ	0.02	43	1018	1222	0.0
k t	0.02	217	4725	6710	0.0
d rʲ	0.02	89	1939	2758	0.0
ɡ l	0.02	78	1719	2520	0.0
s kʲ	0.02	60	4911	532	0.0
m p	0.02	93	2166	2898	0.0
d r	0.02	120	1939	5653	0.0
ʐ d	0.02	50	1018	1939	0.0
k r	0.02	182	4725	5653	0.0
k lʲ	0.02	132	4725	2990	0.0
m pʲ	0.02	47	2166	873	0.0
r tʲ	0.02	117	5653	2080	0.0
f lʲ	0.02	48	707	2990	0.0
f fʲ	0.01	17	707	423	0.0
k tʲ	0.01	96	4725	2080	0.0
l l	0.01	77	2520	2520	0.0
k s	0.01	147	4725	4911	0.0
f r	0.01	61	707	5653	0.0
k sʲ	0.01	64	4725	950	0.0
ʂ k	0.01	68	1149	4725	0.0
s vʲ	0.01	67	4911	1093	0.0
k l	0.01	98	4725	2520	0.0
s l	0.01	99	4911	2520	0.0
t vʲ	0.01	76	6710	1093	0.0
r m	0.01	96	5653	2166	0.0
k v	0.01	78	4725	1730	0.0
n sʲ	0.01	54	4279	950	0.0
ʂ t	0.01	74	1149	6710	0.0
x l	0.01	36	726	2520	0.0
r d	0.01	88	5653	1939	0.0
r xʲ	0.01	26	5653	173	0.0
b l	0.01	56	1835	2520	0.0
r ɡ	0.01	80	5653	1719	0.0
z vʲ	0.01	29	1181	1093	0.0
r dʲ	0.01	66	5653	1222	0.0
m bʲ	0.01	30	2166	662	0.0
r ʐ	0.01	59	5653	1018	0.0
n s	0.01	112	4279	4911	0.0
n ɡʲ	0.01	33	4279	432	0.0
ɡ lʲ	0.01	54	1719	2990	0.0
z v	0.01	34	1181	1730	0.0
lʲ n	0.01	84	2990	4279	0.0
r k	0.01	121	5653	4725	0.0
f l	0.01	31	707	2520	0.0
n k	0.01	104	4279	4725	0.0
f rʲ	0.01	32	707	2758	0.0
x v	0.01	24	726	1730	0.0
r ɡʲ	0.01	33	5653	432	0.0
s s	0.01	103	4911	4911	0.0
z n	0.01	47	1181	4279	0.0
v r	0.01	65	1730	5653	0.0
r kʲ	0.01	35	5653	532	0.0
r ʂ	0.01	51	5653	1149	0.0
r mʲ	0.01	48	5653	1027	0.0
t v	0.01	66	6710	1730	0.0
r n	0.01	94	5653	4279	0.0
r sʲ	0.01	44	5653	950	0.0
ɡ nʲ	0.01	32	1719	1672	0.0
r nʲ	0.0	57	5653	1672	0.0
x rʲ	0.0	26	726	2758	0.0
d nʲ	0.0	33	1939	1672	0.0
x lʲ	0.0	27	726	2990	0.0
r b	0.0	59	5653	1835	0.0
z dʲ	0.0	22	1181	1222	0.0
ʂ p	0.0	33	1149	2898	0.0
n kʲ	0.0	27	4279	532	0.0
z nʲ	0.0	25	1181	1672	0.0
s lʲ	0.0	67	4911	2990	0.0
m mʲ	0.0	26	2166	1027	0.0
s m	0.0	56	4911	2166	0.0
n fʲ	0.0	23	4279	423	0.0
n zʲ	0.0	24	4279	479	0.0
ʂ lʲ	0.0	31	1149	2990	0.0
k vʲ	0.0	38	4725	1093	0.0
p tʲ	0.0	41	2898	2080	0.0
ɡ n	0.0	45	1719	4279	0.0
r bʲ	0.0	32	5653	662	0.0
d vʲ	0.0	24	1939	1093	0.0
ʐ nʲ	0.0	21	1018	1672	0.0
ʂ pʲ	0.0	16	1149	873	0.0
n n	0.0	68	4279	4279	0.0
p sʲ	0.0	26	2898	950	0.0
p t	0.0	69	2898	6710	0.0
v z	0.0	22	1730	1181	0.0
ʂ kʲ	0.0	12	1149	532	0.0
ʂ nʲ	0.0	21	1149	1672	0.0
v rʲ	0.0	33	1730	2758	0.0
x r	0.0	30	726	5653	0.0
s mʲ	0.0	33	4911	1027	0.0
n f	0.0	25	4279	707	0.0
m m	0.0	31	2166	2166	0.0
v nʲ	0.0	24	1730	1672	0.0
x t	0.0	31	726	6710	0.0
r s	0.0	74	5653	4911	0.0
lʲ j	0.0	31	2990	1802	0.0
p pʲ	0.0	21	2898	873	0.0
l k	0.0	45	2520	4725	0.0
ʂ l	0.0	22	1149	2520	0.0
r x	0.0	26	5653	726	0.0
lʲ tʲ	0.0	32	2990	2080	0.0
s nʲ	0.0	36	4911	1672	0.0
n ʐ	0.0	26	4279	1018	0.0
j d	0.0	23	1802	1939	0.0
v k	0.0	35	1730	4725	0.0
v n	0.0	33	1730	4279	0.0
r vʲ	0.0	30	5653	1093	0.0
z m	0.0	19	1181	2166	0.0
lʲ t	0.0	53	2990	6710	0.0
f tʲ	0.0	14	707	2080	0.0
d v	0.0	21	1939	1730	0.0
x tʲ	0.0	14	726	2080	0.0
m f	0.0	14	2166	707	0.0
j k	0.0	33	1802	4725	0.0
r pʲ	0.0	25	5653	873	0.0
z ɡʲ	0.0	8	1181	432	0.008
x m	0.0	14	726	2166	0.0
v t	0.0	38	1730	6710	0.0
m nʲ	0.0	21	2166	1672	0.0
z ʐ	0.0	12	1181	1018	0.0
v sʲ	0.0	14	1730	950	0.0
s xʲ	0.0	10	4911	173	0.002
d n	0.0	31	1939	4279	0.0
n z	0.0	24	4279	1181	0.0
f t	0.0	23	707	6710	0.0
r v	0.0	33	5653	1730	0.0
z ɡ	0.0	15	1181	1719	0.0
j s	0.0	31	1802	4911	0.0
ʂ tʲ	0.0	16	1149	2080	0.0
r fʲ	0.0	16	5653	423	0.0
t k	0.0	58	6710	4725	0.0
l t	0.0	42	2520	6710	0.0
n vʲ	0.0	22	4279	1093	0.0
ɕ k	0.0	30	1854	4725	0.0
n nʲ	0.0	27	4279	1672	0.0
z mʲ	0.0	11	1181	1027	0.001
l d	0.0	22	2520	1939	0.0
j t	0.0	34	1802	6710	0.0
lʲ mʲ	0.0	17	2990	1027	0.0
b s	0.0	29	1835	4911	0.0
j m	0.0	19	1802	2166	0.0
s n	0.0	44	4911	4279	0.0
t nʲ	0.0	32	6710	1672	0.0
lʲ d	0.0	23	2990	1939	0.0
ɡ m	0.0	18	1719	2166	0.0
r l	0.0	35	5653	2520	0.0
d mʲ	0.0	13	1939	1027	0.0
lʲ f	0.0	13	2990	707	0.0
s v	0.0	26	4911	1730	0.0
r z	0.0	23	5653	1181	0.0
ʂ m	0.0	14	1149	2166	0.0
z kʲ	0.0	7	1181	532	0.016
z l	0.0	15	1181	2520	0.0
j n	0.0	24	1802	4279	0.0
nʲ j	0.0	15	1672	1802	0.0
v s	0.0	25	1730	4911	0.0
vʲ j	0.0	12	1093	1802	0.0
ʂ v	0.0	12	1149	1730	0.0
r f	0.0	17	5653	707	0.0
t kʲ	0.0	16	6710	532	0.0
t n	0.0	45	6710	4279	0.0
ɕ sʲ	0.0	11	1854	950	0.001
ʂ mʲ	0.0	9	1149	1027	0.004
p p	0.0	24	2898	2898	0.0
m lʲ	0.0	21	2166	2990	0.0
t t	0.0	55	6710	6710	0.0
l ʐ	0.0	13	2520	1018	0.0
x mʲ	0.0	7	726	1027	0.016
r p	0.0	32	5653	2898	0.0
ʐ n	0.0	16	1018	4279	0.0
sʲ j	0.0	10	950	1802	0.002
rʲ j	0.0	17	2758	1802	0.0
m n	0.0	23	2166	4279	0.0
z j	0.0	11	1181	1802	0.001
d j	0.0	14	1939	1802	0.0
lʲ m	0.0	19	2990	2166	0.0
lʲ k	0.0	28	2990	4725	0.0
j dʲ	0.0	11	1802	1222	0.001
d zʲ	0.0	7	1939	479	0.016
d l	0.0	16	1939	2520	0.0
z rʲ	0.0	13	1181	2758	0.0
pʲ j	0.0	9	873	1802	0.004
lʲ nʲ	0.0	16	2990	1672	0.0
j f	0.0	8	1802	707	0.008
f f	0.0	5	707	707	0.062
v lʲ	0.0	16	1730	2990	0.0
s f	0.0	13	4911	707	0.0
ɡ v	0.0	12	1719	1730	0.0
j nʲ	0.0	12	1802	1672	0.0
l kʲ	0.0	8	2520	532	0.008
p s	0.0	26	2898	4911	0.0
ʐ ʐ	0.0	7	1018	1018	0.016
l m	0.0	16	2520	2166	0.0
lʲ dʲ	0.0	13	2990	1222	0.0
z bʲ	0.0	6	1181	662	0.031
ʂ n	0.0	15	1149	4279	0.0
l ɡ	0.0	14	2520	1719	0.0
b j	0.0	12	1835	1802	0.0
r rʲ	0.0	26	5653	2758	0.0
z r	0.0	17	1181	5653	0.0
lʲ sʲ	0.0	11	2990	950	0.001
lʲ bʲ	0.0	9	2990	662	0.004
k k	0.0	30	4725	4725	0.0
n ʂ	0.0	14	4279	1149	0.0
ɕ nʲ	0.0	11	1854	1672	0.001
lʲ fʲ	0.0	7	2990	423	0.016
lʲ ɡʲ	0.0	7	2990	432	0.016
z b	0.0	9	1181	1835	0.004
lʲ vʲ	0.0	11	2990	1093	0.001
r zʲ	0.0	10	5653	479	0.002
d ʂ	0.0	9	1939	1149	0.004
v mʲ	0.0	8	1730	1027	0.008
d kʲ	0.0	6	1939	532	0.031
d p	0.0	14	1939	2898	0.0
j mʲ	0.0	8	1802	1027	0.008
r lʲ	0.0	24	5653	2990	0.0
t l	0.0	24	6710	2520	0.0
d lʲ	0.0	14	1939	2990	0.0
k nʲ	0.0	16	4725	1672	0.0
ɕ n	0.0	16	1854	4279	0.0
j l	0.0	12	1802	2520	0.0
t tʲ	0.0	21	6710	2080	0.0
k z	0.0	13	4725	1181	0.0
v zʲ	0.0	5	1730	479	0.062
ɡ d	0.0	10	1719	1939	0.002
v d	0.0	10	1730	1939	0.002
x nʲ	0.0	6	726	1672	0.031
b bʲ	0.0	6	1835	662	0.031
dʲ j	0.0	8	1222	1802	0.008
ʂ vʲ	0.0	6	1149	1093	0.031
k zʲ	0.0	8	4725	479	0.008
ɡ mʲ	0.0	7	1719	1027	0.016
l tʲ	0.0	12	2520	2080	0.0
k ʂ	0.0	12	4725	1149	0.0
l b	0.0	11	2520	1835	0.001
ɡ vʲ	0.0	7	1719	1093	0.016
j b	0.0	9	1802	1835	0.004
l nʲ	0.0	10	2520	1672	0.002
ɕ rʲ	0.0	11	1854	2758	0.001
s fʲ	0.0	7	4911	423	0.016
lʲ ɡ	0.0	11	2990	1719	0.001
lʲ z	0.0	9	2990	1181	0.004
v l	0.0	10	1730	2520	0.002
lʲ s	0.0	18	2990	4911	0.0
v m	0.0	9	1730	2166	0.004
n xʲ	0.0	4	4279	173	0.125
l bʲ	0.0	6	2520	662	0.031
ɡ ɡʲ	0.0	4	1719	432	0.125
r r	0.0	26	5653	5653	0.0
b sʲ	0.0	6	1835	950	0.031
p nʲ	0.0	10	2898	1672	0.002
x n	0.0	8	726	4279	0.008
p fʲ	0.0	5	2898	423	0.062
d t	0.0	16	1939	6710	0.0
p ʂ	0.0	8	2898	1149	0.008
b b	0.0	8	1835	1835	0.008
s rʲ	0.0	16	4911	2758	0.0
t lʲ	0.0	19	6710	2990	0.0
v tʲ	0.0	8	1730	2080	0.008
d s	0.0	13	1939	4911	0.0
tʲ j	0.0	8	2080	1802	0.008
ʐ k	0.0	9	1018	4725	0.004
ʐ kʲ	0.0	3	1018	532	0.25
j r	0.0	13	1802	5653	0.0
ʐ m	0.0	6	1018	2166	0.031
v p	0.0	9	1730	2898	0.004
b nʲ	0.0	7	1835	1672	0.016
d k	0.0	12	1939	4725	0.0
lʲ kʲ	0.0	5	2990	532	0.062
lʲ v	0.0	9	2990	1730	0.004
j lʲ	0.0	9	1802	2990	0.004
m ʂ	0.0	6	2166	1149	0.031
v ʂ	0.0	5	1730	1149	0.062
ɕ xʲ	0.0	2	1854	173	0.5
f mʲ	0.0	3	707	1027	0.25
j x	0.0	4	1802	726	0.125
sʲ m	0.0	5	950	2166	0.062
d xʲ	0.0	2	1939	173	0.5
b ʂ	0.0	5	1835	1149	0.062
fʲ j	0.0	3	423	1802	0.25
m t	0.0	13	2166	6710	0.0
d x	0.0	4	1939	726	0.125
l v	0.0	7	2520	1730	0.016
b dʲ	0.0	5	1835	1222	0.062
d z	0.0	5	1939	1181	0.062
n j	0.0	9	4279	1802	0.004
j zʲ	0.0	3	1802	479	0.25
s x	0.0	6	4911	726	0.031
m r	0.0	11	2166	5653	0.001
ɡ kʲ	0.0	3	1719	532	0.25
b t	0.0	11	1835	6710	0.001
m fʲ	0.0	3	2166	423	0.25
ɕ t	0.0	11	1854	6710	0.001
m ɡ	0.0	6	2166	1719	0.031
lʲ pʲ	0.0	5	2990	873	0.062
j kʲ	0.0	3	1802	532	0.25
b k	0.0	9	1835	4725	0.004
t mʲ	0.0	8	6710	1027	0.008
l n	0.0	10	2520	4279	0.002
b kʲ	0.0	3	1835	532	0.25
ʐ ɡ	0.0	4	1018	1719	0.125
ɕ kʲ	0.0	3	1854	532	0.25
s b	0.0	9	4911	1835	0.004
p k	0.0	11	2898	4725	0.001
m zʲ	0.0	3	2166	479	0.25
n v	0.0	8	4279	1730	0.008
l fʲ	0.0	3	2520	423	0.25
l ɡʲ	0.0	3	2520	432	0.25
l dʲ	0.0	5	2520	1222	0.062
p n	0.0	10	2898	4279	0.002
m k	0.0	9	2166	4725	0.004
ɡ bʲ	0.0	3	1719	662	0.25
m kʲ	0.0	3	2166	532	0.25
j ʂ	0.0	4	1802	1149	0.125
s bʲ	0.0	5	4911	662	0.062
bʲ j	0.0	3	662	1802	0.25
k n	0.0	12	4725	4279	0.0
z lʲ	0.0	5	1181	2990	0.062
b x	0.0	3	1835	726	0.25
l p	0.0	7	2520	2898	0.016
m v	0.0	5	2166	1730	0.062
lʲ b	0.0	6	2990	1835	0.031
l s	0.0	9	2520	4911	0.004
ɕ tʲ	0.0	5	1854	2080	0.062
z k	0.0	6	1181	4725	0.031
b m	0.0	5	1835	2166	0.062
m z	0.0	4	2166	1181	0.125
ɕ m	0.0	5	1854	2166	0.062
v pʲ	0.0	3	1730	873	0.25
f m	0.0	3	707	2166	0.25
p kʲ	0.0	3	2898	532	0.25
x sʲ	0.0	2	726	950	0.5
j pʲ	0.0	3	1802	873	0.25
lʲ p	0.0	7	2990	2898	0.016
t m	0.0	9	6710	2166	0.004
v ɡʲ	0.0	2	1730	432	0.5
ʐ lʲ	0.0	4	1018	2990	0.125
j fʲ	0.0	2	1802	423	0.5
j ɡ	0.0	4	1802	1719	0.125
n x	0.0	4	4279	726	0.125
s d	0.0	7	4911	1939	0.016
j ɡʲ	0.0	2	1802	432	0.5
j v	0.0	4	1802	1730	0.125
ɕ v	0.0	4	1854	1730	0.125
b ʐ	0.0	3	1835	1018	0.25
ɕ mʲ	0.0	3	1854	1027	0.25
b ɕ	0.0	4	1835	1854	0.125
k x	0.0	4	4725	726	0.125
zʲ j	0.0	2	479	1802	0.5
ɡ tʲ	0.0	4	1719	2080	0.125
p f	0.0	3	2898	707	0.25
m sʲ	0.0	3	2166	950	0.25
ɡ dʲ	0.0	3	1719	1222	0.25
j tʲ	0.0	4	1802	2080	0.125
d d	0.0	4	1939	1939	0.125
s ɡʲ	0.0	3	4911	432	0.25
kʲ j	0.0	2	532	1802	0.5
b z	0.0	3	1835	1181	0.25
sʲ mʲ	0.0	2	950	1027	0.5
m vʲ	0.0	3	2166	1093	0.25
d dʲ	0.0	3	1939	1222	0.25
t xʲ	0.0	2	6710	173	0.5
m s	0.0	6	2166	4911	0.031
f ɡ	0.0	2	707	1719	0.5
v f	0.0	2	1730	707	0.5
x ɡ	0.0	2	726	1719	0.5
n bʲ	0.0	3	4279	662	0.25
z t	0.0	5	1181	6710	0.062
j p	0.0	4	1802	2898	0.125
x j	0.0	2	726	1802	0.5
v ɡ	0.0	3	1730	1719	0.25
ɡ s	0.0	5	1719	4911	0.062
m l	0.0	4	2166	2520	0.125
z z	0.0	2	1181	1181	0.5
lʲ zʲ	0.0	2	2990	479	0.5
rʲ m	0.0	4	2758	2166	0.125
lʲ ʂ	0.0	3	2990	1149	0.25
m x	0.0	2	2166	726	0.5
b d	0.0	3	1835	1939	0.25
d b	0.0	3	1939	1835	0.25
ʂ r	0.0	4	1149	5653	0.125
r ɕ	0.0	5	5653	1854	0.062
j sʲ	0.0	2	1802	950	0.5
l xʲ	0.0	1	2520	173	1.0
l x	0.0	2	2520	726	0.5
ɡ t	0.0	5	1719	6710	0.062
v vʲ	0.0	2	1730	1093	0.5
nʲ ʂ	0.0	2	1672	1149	0.5
x bʲ	0.0	1	726	662	1.0
t ʂ	0.0	4	6710	1149	0.125
t j	0.0	5	6710	1802	0.062
b n	0.0	4	1835	4279	0.125
zʲ mʲ	0.0	1	479	1027	1.0
ʂ ɡʲ	0.0	1	1149	432	1.0
b vʲ	0.0	2	1835	1093	0.5
lʲ xʲ	0.0	1	2990	173	1.0
t f	0.0	3	6710	707	0.25
v dʲ	0.0	2	1730	1222	0.5
j z	0.0	2	1802	1181	0.5
k mʲ	0.0	3	4725	1027	0.25
t p	0.0	6	6710	2898	0.031
dʲ b	0.0	2	1222	1835	0.5
z zʲ	0.0	1	1181	479	1.0
s r	0.0	7	4911	5653	0.016
k d	0.0	4	4725	1939	0.125
ɕ lʲ	0.0	3	1854	2990	0.25
s ʂ	0.0	3	4911	1149	0.25
k kʲ	0.0	2	4725	532	0.5
ʐ r	0.0	3	1018	5653	0.25
k m	0.0	4	4725	2166	0.125
l mʲ	0.0	2	2520	1027	0.5
dʲ m	0.0	2	1222	2166	0.5
f sʲ	0.0	1	707	950	1.0
ʐ bʲ	0.0	1	1018	662	1.0
ʐ rʲ	0.0	2	1018	2758	0.5
nʲ ɡ	0.0	2	1672	1719	0.5
nʲ ɡʲ	0.0	1	1672	432	1.0
v fʲ	0.0	1	1730	423	1.0
l z	0.0	2	2520	1181	0.5
ʂ rʲ	0.0	2	1149	2758	0.5
dʲ bʲ	0.0	1	1222	662	1.0
f ʂ	0.0	1	707	1149	1.0
t d	0.0	4	6710	1939	0.125
k xʲ	0.0	1	4725	173	1.0
d fʲ	0.0	1	1939	423	1.0
ʂ x	0.0	1	1149	726	1.0
x k	0.0	2	726	4725	0.5
f s	0.0	2	707	4911	0.5
n b	0.0	3	4279	1835	0.25
b zʲ	0.0	1	1835	479	1.0
tʲ ɡʲ	0.0	1	2080	432	1.0
ɡ k	0.0	3	1719	4725	0.25
v kʲ	0.0	1	1730	532	1.0
b tʲ	0.0	2	1835	2080	0.5
s j	0.0	3	4911	1802	0.25
n m	0.0	3	4279	2166	0.25
d m	0.0	2	1939	2166	0.5
v bʲ	0.0	1	1730	662	1.0
l ɕ	0.0	2	2520	1854	0.5
f nʲ	0.0	1	707	1672	1.0
j bʲ	0.0	1	1802	662	1.0
l zʲ	0.0	1	2520	479	1.0
t x	0.0	2	6710	726	0.5
j rʲ	0.0	2	1802	2758	0.5
v x	0.0	1	1730	726	1.0
d bʲ	0.0	1	1939	662	1.0
ʂ ʂ	0.0	1	1149	1149	1.0
ɕ x	0.0	1	1854	726	1.0
rʲ kʲ	0.0	1	2758	532	1.0
tʲ f	0.0	1	2080	707	1.0
n r	0.0	4	4279	5653	0.125
t sʲ	0.0	2	6710	950	0.5
nʲ ʐ	0.0	1	1672	1018	1.0
ʐ v	0.0	1	1018	1730	1.0
l f	0.0	1	2520	707	1.0
ʐ j	0.0	1	1018	1802	1.0
d sʲ	0.0	1	1939	950	1.0
mʲ j	0.0	1	1027	1802	1.0
ʐ b	0.0	1	1018	1835	1.0
ɕ ʐ	0.0	1	1854	1018	1.0
j vʲ	0.0	1	1802	1093	1.0
nʲ k	0.0	2	1672	4725	0.5
tʲ sʲ	0.0	1	2080	950	1.0
ɕ vʲ	0.0	1	1854	1093	1.0
ɡ z	0.0	1	1719	1181	1.0
p x	0.0	1	2898	726	1.0
ʂ b	0.0	1	1149	1835	1.0
s ɡ	0.0	2	4911	1719	0.5
ɕ ʂ	0.0	1	1854	1149	1.0
lʲ x	0.0	1	2990	726	1.0
l pʲ	0.0	1	2520	873	1.0
m ʐ	0.0	1	2166	1018	1.0
zʲ k	0.0	1	479	4725	1.0
r j	0.0	2	5653	1802	0.5
ʐ l	0.0	1	1018	2520	1.0
l vʲ	0.0	1	2520	1093	1.0
rʲ mʲ	0.0	1	2758	1027	1.0
t fʲ	0.0	1	6710	423	1.0
nʲ v	0.0	1	1672	1730	1.0
l ʂ	0.0	1	2520	1149	1.0
t ɡʲ	0.0	1	6710	432	1.0
ɡ ɡ	0.0	1	1719	1719	1.0
lʲ ʐ	0.0	1	2990	1018	1.0
t b	0.0	2	6710	1835	0.5
n p	0.0	2	4279	2898	0.5
v j	0.0	1	1730	1802	1.0
ɡ b	0.0	1	1719	1835	1.0
v b	0.0	1	1730	1835	1.0
nʲ d	0.0	1	1672	1939	1.0
rʲ k	0.0	2	2758	4725	0.5
k f	0.0	1	4725	707	1.0
z p	0.0	1	1181	2898	1.0
x s	0.0	1	726	4911	1.0
d ɕ	0.0	1	1939	1854	1.0
m ɕ	0.0	1	2166	1854	1.0
d tʲ	0.0	1	1939	2080	1.0
n mʲ	0.0	1	4279	1027	1.0
t bʲ	0.0	1	6710	662	1.0
sʲ k	0.0	1	950	4725	1.0
m tʲ	0.0	1	2166	2080	1.0
tʲ m	0.0	1	2080	2166	1.0
rʲ ɡ	0.0	1	2758	1719	1.0
k ʐ	0.0	1	4725	1018	1.0
rʲ b	0.0	1	2758	1835	1.0
p ɕ	0.0	1	2898	1854	1.0
lʲ ɕ	0.0	1	2990	1854	1.0
dʲ k	0.0	1	1222	4725	1.0
s z	0.0	1	4911	1181	1.0
m rʲ	0.0	1	2166	2758	1.0
ʐ t	0.0	1	1018	6710	1.0
nʲ n	0.0	1	1672	4279	1.0
t z	0.0	1	6710	1181	1.0
k ɡ	0.0	1	4725	1719	1.0
n l	0.0	1	4279	2520	1.0
nʲ t	0.0	1	1672	6710	1.0
n rʲ	0.0	1	4279	2758	1.0
n lʲ	0.0	1	4279	2990	1.0
lʲ r	0.0	1	2990	5653	1.0
rʲ t	0.0	1	2758	6710	1.0
