ngram	insep	N(C1C2)	N(C1)	N(C2)	p(C1C2)
t ɕ	2.14	346	2501	413	0.0
s t	0.41	308	1719	2501	0.0
s tʲ	0.33	135	1719	592	0.0
t s	0.23	230	2501	1719	0.0
n t	0.2	216	1718	2501	0.0
p rʲ	0.17	87	991	814	0.0
t r	0.12	197	2501	2438	0.0
n d	0.11	87	1718	739	0.0
t rʲ	0.07	89	2501	814	0.0
n ɡ	0.07	70	1718	754	0.0
s k	0.07	117	1719	2119	0.0
b rʲ	0.06	44	731	814	0.0
d ʐ	0.06	26	739	286	0.0
p r	0.06	86	991	2438	0.0
m b	0.06	46	950	731	0.0
p l	0.04	51	991	1111	0.0
ɡ rʲ	0.04	37	754	814	0.0
r t	0.04	114	2438	2501	0.0
ɡ r	0.04	62	754	2438	0.0
p lʲ	0.04	45	991	1000	0.0
d r	0.03	58	739	2438	0.0
b r	0.03	57	731	2438	0.0
n tʲ	0.03	43	1718	592	0.0
r tʲ	0.03	47	2438	592	0.0
b lʲ	0.03	33	731	1000	0.0
m p	0.03	37	950	991	0.0
s pʲ	0.03	27	1719	295	0.0
k lʲ	0.03	55	2119	1000	0.0
f lʲ	0.03	21	311	1000	0.0
l lʲ	0.03	39	1111	1000	0.0
r d	0.02	49	2438	739	0.0
n dʲ	0.02	28	1718	344	0.0
l l	0.02	40	1111	1111	0.0
k rʲ	0.02	47	2119	814	0.0
ʂ t	0.02	39	488	2501	0.0
m pʲ	0.02	18	950	295	0.0
k s	0.02	64	2119	1719	0.0
r m	0.02	51	2438	950	0.0
k t	0.02	74	2119	2501	0.0
d rʲ	0.02	24	739	814	0.0
ɕ sʲ	0.02	10	413	266	0.002
s s	0.02	50	1719	1719	0.0
ʂ pʲ	0.02	11	488	295	0.001
s kʲ	0.02	16	1719	179	0.0
k v	0.01	29	2119	533	0.0
f fʲ	0.01	6	311	158	0.031
n s	0.01	46	1718	1719	0.0
z d	0.01	15	436	739	0.0
k r	0.01	60	2119	2438	0.0
r dʲ	0.01	24	2438	344	0.0
s p	0.01	34	1719	991	0.0
r ɡ	0.01	34	2438	754	0.0
k l	0.01	38	2119	1111	0.0
x l	0.01	14	288	1111	0.0
b l	0.01	22	731	1111	0.0
f r	0.01	21	311	2438	0.0
r ʂ	0.01	26	2438	488	0.0
f l	0.01	14	311	1111	0.0
x v	0.01	9	288	533	0.004
ɡ l	0.01	21	754	1111	0.0
ʂ nʲ	0.01	10	488	391	0.002
nʲ j	0.01	11	391	604	0.001
r nʲ	0.01	22	2438	391	0.0
x t	0.01	18	288	2501	0.0
x rʲ	0.01	10	288	814	0.002
lʲ j	0.01	16	1000	604	0.0
ʂ tʲ	0.01	11	488	592	0.001
r ʐ	0.01	17	2438	286	0.0
ʂ p	0.01	14	488	991	0.0
k sʲ	0.01	15	2119	266	0.0
n ʐ	0.01	14	1718	286	0.0
s lʲ	0.01	26	1719	1000	0.0
s m	0.01	25	1719	950	0.0
r s	0.01	40	2438	1719	0.0
r b	0.01	26	2438	731	0.0
ʂ l	0.01	14	488	1111	0.0
s vʲ	0.01	14	1719	327	0.0
ʂ lʲ	0.01	13	488	1000	0.0
t v	0.01	21	2501	533	0.0
r xʲ	0.01	6	2438	45	0.031
f rʲ	0.01	9	311	814	0.004
v r	0.01	20	533	2438	0.0
p sʲ	0.01	9	991	266	0.004
ɡ lʲ	0.01	15	754	1000	0.0
z m	0.01	11	436	950	0.001
z nʲ	0.01	7	436	391	0.016
x mʲ	0.01	5	288	303	0.062
ʂ kʲ	0.01	5	488	179	0.062
z ɡʲ	0.01	4	436	135	0.125
j d	0.01	11	604	739	0.001
f tʲ	0.0	7	311	592	0.016
r n	0.0	33	2438	1718	0.0
k tʲ	0.0	18	2119	592	0.0
z vʲ	0.0	6	436	327	0.031
lʲ t	0.0	25	1000	2501	0.0
z ɡ	0.0	9	436	754	0.004
m bʲ	0.0	7	950	224	0.016
r mʲ	0.0	13	2438	303	0.0
r k	0.0	34	2438	2119	0.0
r bʲ	0.0	11	2438	224	0.001
f t	0.0	13	311	2501	0.0
m m	0.0	14	950	950	0.0
m f	0.0	8	950	311	0.008
n k	0.0	28	1718	2119	0.0
j m	0.0	11	604	950	0.001
s l	0.0	20	1719	1111	0.0
n kʲ	0.0	8	1718	179	0.008
k vʲ	0.0	12	2119	327	0.0
lʲ f	0.0	8	1000	311	0.008
r x	0.0	12	2438	288	0.0
rʲ j	0.0	10	814	604	0.002
r ɡʲ	0.0	8	2438	135	0.008
ʂ k	0.0	14	488	2119	0.0
lʲ dʲ	0.0	8	1000	344	0.008
r kʲ	0.0	9	2438	179	0.004
x m	0.0	7	288	950	0.016
s sʲ	0.0	9	1719	266	0.004
r v	0.0	15	2438	533	0.0
x r	0.0	11	288	2438	0.001
ʐ d	0.0	6	286	739	0.031
ɡ m	0.0	11	754	950	0.001
p pʲ	0.0	7	991	295	0.016
z dʲ	0.0	5	436	344	0.062
ɡ nʲ	0.0	7	754	391	0.016
d v	0.0	8	739	533	0.008
n z	0.0	11	1718	436	0.001
n ɡʲ	0.0	6	1718	135	0.031
v rʲ	0.0	8	533	814	0.008
l d	0.0	11	1111	739	0.001
p t	0.0	19	991	2501	0.0
j f	0.0	5	604	311	0.062
r fʲ	0.0	7	2438	158	0.016
vʲ j	0.0	5	327	604	0.062
r vʲ	0.0	10	2438	327	0.002
s mʲ	0.0	8	1719	303	0.008
z mʲ	0.0	4	436	303	0.125
n xʲ	0.0	3	1718	45	0.25
s xʲ	0.0	3	1719	45	0.25
n zʲ	0.0	5	1718	126	0.062
p s	0.0	14	991	1719	0.0
j t	0.0	13	604	2501	0.0
ɡ n	0.0	12	754	1718	0.0
ʂ mʲ	0.0	4	488	303	0.125
v z	0.0	5	533	436	0.062
z v	0.0	5	436	533	0.062
n sʲ	0.0	7	1718	266	0.016
ʂ m	0.0	7	488	950	0.016
lʲ m	0.0	10	1000	950	0.002
d vʲ	0.0	5	739	327	0.062
t vʲ	0.0	9	2501	327	0.004
n ʂ	0.0	9	1718	488	0.004
j n	0.0	10	604	1718	0.002
j s	0.0	10	604	1719	0.002
r l	0.0	16	2438	1111	0.0
r z	0.0	10	2438	436	0.002
k zʲ	0.0	5	2119	126	0.062
ʐ dʲ	0.0	3	286	344	0.25
pʲ j	0.0	4	295	604	0.125
s v	0.0	9	1719	533	0.004
m mʲ	0.0	5	950	303	0.062
x lʲ	0.0	5	288	1000	0.062
n n	0.0	16	1718	1718	0.0
lʲ d	0.0	8	1000	739	0.008
z n	0.0	8	436	1718	0.008
lʲ mʲ	0.0	5	1000	303	0.062
p p	0.0	9	991	991	0.004
r p	0.0	14	2438	991	0.0
ʐ kʲ	0.0	2	286	179	0.5
dʲ j	0.0	4	344	604	0.125
lʲ vʲ	0.0	5	1000	327	0.062
r sʲ	0.0	7	2438	266	0.016
v t	0.0	10	533	2501	0.002
j l	0.0	7	604	1111	0.016
n nʲ	0.0	7	1718	391	0.016
s nʲ	0.0	7	1719	391	0.016
l t	0.0	14	1111	2501	0.0
ɡ mʲ	0.0	4	754	303	0.125
d ʂ	0.0	5	739	488	0.062
r pʲ	0.0	7	2438	295	0.016
n f	0.0	6	1718	311	0.031
t nʲ	0.0	8	2501	391	0.008
ɡ vʲ	0.0	4	754	327	0.125
r f	0.0	7	2438	311	0.016
ʂ v	0.0	4	488	533	0.125
p fʲ	0.0	3	991	158	0.25
ʂ vʲ	0.0	3	488	327	0.25
sʲ j	0.0	3	266	604	0.25
t kʲ	0.0	5	2501	179	0.062
t tʲ	0.0	9	2501	592	0.004
ɕ kʲ	0.0	2	413	179	0.5
j zʲ	0.0	2	604	126	0.5
p ʂ	0.0	5	991	488	0.062
z l	0.0	5	436	1111	0.062
b s	0.0	8	731	1719	0.008
ʐ ʐ	0.0	2	286	286	0.5
k ʂ	0.0	7	2119	488	0.016
l m	0.0	7	1111	950	0.016
l kʲ	0.0	3	1111	179	0.25
l b	0.0	6	1111	731	0.031
j r	0.0	8	604	2438	0.008
k nʲ	0.0	6	2119	391	0.031
p tʲ	0.0	5	991	592	0.062
j lʲ	0.0	5	604	1000	0.062
lʲ nʲ	0.0	4	1000	391	0.125
d mʲ	0.0	3	739	303	0.25
lʲ bʲ	0.0	3	1000	224	0.25
j nʲ	0.0	3	604	391	0.25
lʲ z	0.0	4	1000	436	0.125
b j	0.0	4	731	604	0.125
ʐ nʲ	0.0	2	286	391	0.5
x nʲ	0.0	2	288	391	0.5
m ʂ	0.0	4	950	488	0.125
l k	0.0	9	1111	2119	0.004
lʲ b	0.0	5	1000	731	0.062
n fʲ	0.0	3	1718	158	0.25
v k	0.0	6	533	2119	0.031
d l	0.0	5	739	1111	0.062
m n	0.0	7	950	1718	0.016
s f	0.0	4	1719	311	0.125
l ɡ	0.0	5	1111	754	0.062
r zʲ	0.0	3	2438	126	0.25
m vʲ	0.0	3	950	327	0.25
n vʲ	0.0	4	1718	327	0.125
z b	0.0	3	436	731	0.25
j v	0.0	3	604	533	0.25
m r	0.0	8	950	2438	0.008
s n	0.0	9	1719	1718	0.004
k z	0.0	5	2119	436	0.062
l v	0.0	4	1111	533	0.125
t t	0.0	13	2501	2501	0.0
r lʲ	0.0	8	2438	1000	0.008
tʲ j	0.0	3	592	604	0.25
r rʲ	0.0	7	2438	814	0.016
l tʲ	0.0	4	1111	592	0.125
m nʲ	0.0	3	950	391	0.25
ɕ t	0.0	5	413	2501	0.062
lʲ k	0.0	7	1000	2119	0.016
j x	0.0	2	604	288	0.5
l fʲ	0.0	2	1111	158	0.5
l p	0.0	5	1111	991	0.062
ɡ v	0.0	3	754	533	0.25
lʲ xʲ	0.0	1	1000	45	1.0
mʲ j	0.0	2	303	604	0.5
m z	0.0	3	950	436	0.25
lʲ s	0.0	6	1000	1719	0.031
b sʲ	0.0	2	731	266	0.5
j b	0.0	3	604	731	0.25
d j	0.0	3	739	604	0.25
j dʲ	0.0	2	604	344	0.5
nʲ ɡʲ	0.0	1	391	135	1.0
d x	0.0	2	739	288	0.5
ʐ ɡ	0.0	2	286	754	0.5
m v	0.0	3	950	533	0.25
n v	0.0	4	1718	533	0.125
s ɡʲ	0.0	2	1719	135	0.5
v lʲ	0.0	3	533	1000	0.25
b b	0.0	3	731	731	0.25
r r	0.0	10	2438	2438	0.002
ʐ bʲ	0.0	1	286	224	1.0
n j	0.0	4	1718	604	0.125
v ʂ	0.0	2	533	488	0.5
lʲ tʲ	0.0	3	1000	592	0.25
z j	0.0	2	436	604	0.5
j z	0.0	2	604	436	0.5
ʂ ɡʲ	0.0	1	488	135	1.0
t m	0.0	6	2501	950	0.031
z r	0.0	4	436	2438	0.125
s fʲ	0.0	2	1719	158	0.5
ʐ m	0.0	2	286	950	0.5
v ɡʲ	0.0	1	533	135	1.0
d nʲ	0.0	2	739	391	0.5
f m	0.0	2	311	950	0.5
zʲ j	0.0	1	126	604	1.0
p f	0.0	2	991	311	0.5
z kʲ	0.0	1	436	179	1.0
v tʲ	0.0	2	533	592	0.5
b z	0.0	2	731	436	0.5
j ɡʲ	0.0	1	604	135	1.0
f sʲ	0.0	1	311	266	1.0
lʲ ɡ	0.0	3	1000	754	0.25
ɕ rʲ	0.0	2	413	814	0.5
t mʲ	0.0	3	2501	303	0.25
rʲ m	0.0	3	814	950	0.25
b ʂ	0.0	2	731	488	0.5
b zʲ	0.0	1	731	126	1.0
d zʲ	0.0	1	739	126	1.0
ʂ n	0.0	3	488	1718	0.25
fʲ j	0.0	1	158	604	1.0
j fʲ	0.0	1	604	158	1.0
s bʲ	0.0	2	1719	224	0.5
p nʲ	0.0	2	991	391	0.5
z bʲ	0.0	1	436	224	1.0
ɕ m	0.0	2	413	950	0.5
v d	0.0	2	533	739	0.5
t lʲ	0.0	5	2501	1000	0.062
v ɡ	0.0	2	533	754	0.5
v n	0.0	3	533	1718	0.25
v s	0.0	3	533	1719	0.25
m lʲ	0.0	3	950	1000	0.25
lʲ p	0.0	3	1000	991	0.25
j ɡ	0.0	2	604	754	0.5
d fʲ	0.0	1	739	158	1.0
ɕ ʐ	0.0	1	413	286	1.0
l s	0.0	4	1111	1719	0.125
m zʲ	0.0	1	950	126	1.0
s x	0.0	2	1719	288	0.5
z ʐ	0.0	1	436	286	1.0
k k	0.0	6	2119	2119	0.031
ɕ mʲ	0.0	1	413	303	1.0
k m	0.0	4	2119	950	0.125
ʂ r	0.0	3	488	2438	0.25
lʲ v	0.0	2	1000	533	0.5
ɡ d	0.0	2	754	739	0.5
ʂ x	0.0	1	488	288	1.0
j k	0.0	3	604	2119	0.25
ɡ s	0.0	3	754	1719	0.25
k n	0.0	5	2119	1718	0.062
v l	0.0	2	533	1111	0.5
m t	0.0	4	950	2501	0.125
l ɡʲ	0.0	1	1111	135	1.0
m fʲ	0.0	1	950	158	1.0
f ʂ	0.0	1	311	488	1.0
k x	0.0	2	2119	288	0.5
v x	0.0	1	533	288	1.0
t p	0.0	4	2501	991	0.125
lʲ fʲ	0.0	1	1000	158	1.0
k mʲ	0.0	2	2119	303	0.5
ɕ nʲ	0.0	1	413	391	1.0
b bʲ	0.0	1	731	224	1.0
t sʲ	0.0	2	2501	266	0.5
x tʲ	0.0	1	288	592	1.0
b m	0.0	2	731	950	0.5
t l	0.0	4	2501	1111	0.125
k d	0.0	3	2119	739	0.25
v vʲ	0.0	1	533	327	1.0
p kʲ	0.0	1	991	179	1.0
j pʲ	0.0	1	604	295	1.0
m ɡ	0.0	2	950	754	0.5
tʲ mʲ	0.0	1	592	303	1.0
j mʲ	0.0	1	604	303	1.0
j vʲ	0.0	1	604	327	1.0
b ʐ	0.0	1	731	286	1.0
ʐ b	0.0	1	286	731	1.0
b x	0.0	1	731	288	1.0
x ɡ	0.0	1	288	754	1.0
ɕ v	0.0	1	413	533	1.0
ʐ rʲ	0.0	1	286	814	1.0
l bʲ	0.0	1	1111	224	1.0
b dʲ	0.0	1	731	344	1.0
m sʲ	0.0	1	950	266	1.0
sʲ m	0.0	1	266	950	1.0
lʲ sʲ	0.0	1	1000	266	1.0
ʐ lʲ	0.0	1	286	1000	1.0
lʲ x	0.0	1	1000	288	1.0
j ʂ	0.0	1	604	488	1.0
lʲ pʲ	0.0	1	1000	295	1.0
d ɕ	0.0	1	739	413	1.0
d n	0.0	2	739	1718	0.5
d s	0.0	2	739	1719	0.5
s d	0.0	2	1719	739	0.5
l ʐ	0.0	1	1111	286	1.0
l x	0.0	1	1111	288	1.0
d z	0.0	1	739	436	1.0
dʲ m	0.0	1	344	950	1.0
ɡ z	0.0	1	754	436	1.0
t ɡʲ	0.0	1	2501	135	1.0
l f	0.0	1	1111	311	1.0
s rʲ	0.0	2	1719	814	0.5
ʂ b	0.0	1	488	731	1.0
j tʲ	0.0	1	604	592	1.0
l vʲ	0.0	1	1111	327	1.0
k kʲ	0.0	1	2119	179	1.0
l dʲ	0.0	1	1111	344	1.0
n bʲ	0.0	1	1718	224	1.0
v b	0.0	1	533	731	1.0
t fʲ	0.0	1	2501	158	1.0
ʂ rʲ	0.0	1	488	814	1.0
ɕ lʲ	0.0	1	413	1000	1.0
p n	0.0	2	991	1718	0.5
d tʲ	0.0	1	739	592	1.0
b t	0.0	2	731	2501	0.5
l ɕ	0.0	1	1111	413	1.0
t d	0.0	2	2501	739	0.5
s r	0.0	3	1719	2438	0.25
l n	0.0	2	1111	1718	0.5
lʲ ʂ	0.0	1	1000	488	1.0
ʐ n	0.0	1	286	1718	1.0
j rʲ	0.0	1	604	814	1.0
n x	0.0	1	1718	288	1.0
v m	0.0	1	533	950	1.0
f s	0.0	1	311	1719	1.0
b d	0.0	1	731	739	1.0
ɡ b	0.0	1	754	731	1.0
t bʲ	0.0	1	2501	224	1.0
ɡ ɡ	0.0	1	754	754	1.0
t k	0.0	3	2501	2119	0.25
rʲ b	0.0	1	814	731	1.0
j p	0.0	1	604	991	1.0
k f	0.0	1	2119	311	1.0
ʐ r	0.0	1	286	2438	1.0
d m	0.0	1	739	950	1.0
d p	0.0	1	739	991	1.0
t f	0.0	1	2501	311	1.0
s ʂ	0.0	1	1719	488	1.0
ɕ k	0.0	1	413	2119	1.0
nʲ t	0.0	1	391	2501	1.0
r ɕ	0.0	1	2438	413	1.0
s j	0.0	1	1719	604	1.0
n r	0.0	2	1718	2438	0.5
m l	0.0	1	950	1111	1.0
n b	0.0	1	1718	731	1.0
s b	0.0	1	1719	731	1.0
t j	0.0	1	2501	604	1.0
k ɡ	0.0	1	2119	754	1.0
n m	0.0	1	1718	950	1.0
n p	0.0	1	1718	991	1.0
d t	0.0	1	739	2501	1.0
ɡ t	0.0	1	754	2501	1.0
m k	0.0	1	950	2119	1.0
p k	0.0	1	991	2119	1.0
t n	0.0	1	2501	1718	1.0
