ngram	insep	N(C1C2)	N(C1)	N(C2)	p(C1C2)
t ʃʰ	1.54	4982	35058	4982	0.0
t sʰ	1.04	3379	35058	3379	0.0
t ʃ	1.0	5380	35058	8921	0.0
ɴ ɢ	0.58	776	1132	9856	0.0
t s	0.33	4197	35058	16375	0.0
ɮ t	0.2	3688	21018	35058	0.0
n t	0.17	2465	11001	35058	0.0
ɴ χ	0.14	356	1132	8846	0.0
rʲ j	0.13	300	2178	3444	0.0
ɮ tʰ	0.07	1404	21018	13775	0.0
r t	0.05	1769	18292	35058	0.0
ɮ ɢ	0.05	993	21018	9856	0.0
g t	0.05	1559	14588	35058	0.0
ɢ t	0.05	1268	9856	35058	0.0
m t	0.05	1029	6744	35058	0.0
r tʰ	0.04	983	18292	13775	0.0
ŋ g	0.03	700	11537	14588	0.0
r g	0.03	873	18292	14588	0.0
r ɢ	0.03	693	18292	9856	0.0
ɮ p	0.03	508	21018	4819	0.0
w t	0.03	608	4473	35058	0.0
ŋ x	0.02	416	11537	6836	0.0
n tʰ	0.02	568	11001	13775	0.0
ɮ s	0.02	851	21018	16375	0.0
r ɮ	0.02	874	18292	21018	0.0
ɢ tʰ	0.02	499	9856	13775	0.0
s tʰ	0.02	636	16375	13775	0.0
ŋ gʲ	0.02	173	11537	1511	0.0
r s	0.02	716	18292	16375	0.0
x g	0.02	397	6836	14588	0.0
χ j	0.02	208	8846	3444	0.0
r χ	0.01	464	18292	8846	0.0
ɮ g	0.01	626	21018	14588	0.0
ʃʰ ɮ	0.01	364	4982	21018	0.0
tʰ g	0.01	496	13775	14588	0.0
ʃʰ tʲ	0.01	78	4982	1016	0.0
n tʰʲ	0.01	113	11001	972	0.0
m p	0.01	196	6744	4819	0.0
pʰ r	0.01	152	1127	18292	0.0
w tʰ	0.01	257	4473	13775	0.0
n tʲ	0.01	100	11001	1016	0.0
w ʃ	0.01	186	4473	8921	0.0
m tʰ	0.01	279	6744	13775	0.0
pʰ rʲ	0.01	45	1127	2178	0.0
m pʰ	0.01	79	6744	1127	0.0
s tʰʲ	0.01	114	16375	972	0.0
w s	0.01	244	4473	16375	0.0
r x	0.01	297	18292	6836	0.0
g tʰ	0.01	374	14588	13775	0.0
s ɢ	0.01	335	16375	9856	0.0
r w	0.01	237	18292	4473	0.0
w ɮ	0.01	254	4473	21018	0.0
pʰ pʰʲ	0.01	18	1127	431	0.0
r xʲ	0.01	108	18292	966	0.0
ɮ tʰʲ	0.01	115	21018	972	0.0
m pʰʲ	0.01	43	6744	431	0.0
wʲ j	0.01	41	782	3444	0.0
ɢ ɮ	0.01	359	9856	21018	0.0
pʰ pʰ	0.01	28	1127	1127	0.0
g ɮ	0.01	433	14588	21018	0.0
r gʲ	0.01	126	18292	1511	0.0
tʰ ɢ	0.01	277	13775	9856	0.0
m s	0.01	248	6744	16375	0.0
nʲ j	0.01	61	1945	3444	0.0
s n	0.01	316	16375	11001	0.0
s nʲ	0.01	126	16375	1945	0.0
s ɮ	0.01	408	16375	21018	0.0
ʃ ɮ	0.01	300	8921	21018	0.0
s g	0.0	315	16375	14588	0.0
n s	0.0	264	11001	16375	0.0
ŋ xʲ	0.0	65	11537	966	0.0
t ɮ	0.0	508	35058	21018	0.0
r m	0.0	205	18292	6744	0.0
ɮ ɮ	0.0	379	21018	21018	0.0
rʲ t	0.0	148	2178	35058	0.0
n ʃ	0.0	165	11001	8921	0.0
tʰ r	0.0	262	13775	18292	0.0
s pʰ	0.0	70	16375	1127	0.0
r ʃ	0.0	208	18292	8921	0.0
ʃʰ t	0.0	214	4982	35058	0.0
ɢ s	0.0	205	9856	16375	0.0
g s	0.0	246	14588	16375	0.0
tʰ ɮ	0.0	269	13775	21018	0.0
w χ	0.0	99	4473	8846	0.0
g g	0.0	216	14588	14588	0.0
m ʃ	0.0	114	6744	8921	0.0
m n	0.0	125	6744	11001	0.0
w r	0.0	131	4473	18292	0.0
tʰ n	0.0	178	13775	11001	0.0
x t	0.0	218	6836	35058	0.0
s s	0.0	230	16375	16375	0.0
x nʲ	0.0	51	6836	1945	0.0
s gʲ	0.0	69	16375	1511	0.0
mʲ t	0.0	79	938	35058	0.0
pʲ j	0.0	21	677	3444	0.0
t w	0.0	167	35058	4473	0.0
r mʲ	0.0	55	18292	938	0.0
m ɢ	0.0	108	6744	9856	0.0
m gʲ	0.0	42	6744	1511	0.0
t t	0.0	451	35058	35058	0.0
sʰ ɮ	0.0	107	3379	21018	0.0
ɮ ɮʲ	0.0	82	21018	2010	0.0
r n	0.0	173	18292	11001	0.0
ɢ n	0.0	126	9856	11001	0.0
tʰ rʲ	0.0	64	13775	2178	0.0
x n	0.0	100	6836	11001	0.0
xʲ j	0.0	21	966	3444	0.0
t r	0.0	291	35058	18292	0.0
pʰʲ j	0.0	14	431	3444	0.0
p rʲ	0.0	37	4819	2178	0.0
r nʲ	0.0	68	18292	1945	0.0
r wʲ	0.0	43	18292	782	0.0
ɮ m	0.0	135	21018	6744	0.0
pʰ ɮʲ	0.0	17	1127	2010	0.0
m r	0.0	125	6744	18292	0.0
wʲ s	0.0	40	782	16375	0.0
x rʲ	0.0	43	6836	2178	0.0
s pʰʲ	0.0	29	16375	431	0.0
wʲ t	0.0	57	782	35058	0.0
x ɮ	0.0	126	6836	21018	0.0
ɮ xʲ	0.0	47	21018	966	0.0
ɮ χ	0.0	139	21018	8846	0.0
ʃ g	0.0	116	8921	14588	0.0
s t	0.0	243	16375	35058	0.0
ɮʲ t	0.0	84	2010	35058	0.0
x tʰ	0.0	96	6836	13775	0.0
sʰ gʲ	0.0	22	3379	1511	0.0
ʃ tʰ	0.0	106	8921	13775	0.0
sʰ s	0.0	71	3379	16375	0.0
ɢ tʰʲ	0.0	29	9856	972	0.0
χ t	0.0	164	8846	35058	0.0
g n	0.0	117	14588	11001	0.0
w xʲ	0.0	19	4473	966	0.0
ɢ ʃ	0.0	84	9856	8921	0.0
ɮ gʲ	0.0	49	21018	1511	0.0
χ s	0.0	104	8846	16375	0.0
ɮʲ pʰ	0.0	13	2010	1127	0.0
pʰ tʰʲ	0.0	9	1127	972	0.004
ʃʰ tʰ	0.0	71	4982	13775	0.0
n p	0.0	62	11001	4819	0.0
m ɮ	0.0	100	6744	21018	0.0
s r	0.0	145	16375	18292	0.0
g rʲ	0.0	46	14588	2178	0.0
g ʃ	0.0	93	14588	8921	0.0
r ɮʲ	0.0	49	18292	2010	0.0
ɢ w	0.0	53	9856	4473	0.0
tʰ tʰ	0.0	109	13775	13775	0.0
pʰ ɮ	0.0	38	1127	21018	0.0
mʲ j	0.0	14	938	3444	0.0
s m	0.0	81	16375	6744	0.0
g nʲ	0.0	41	14588	1945	0.0
w ɢ	0.0	51	4473	9856	0.0
ʃ s	0.0	92	8921	16375	0.0
m pʲ	0.0	16	6744	677	0.0
s w	0.0	63	16375	4473	0.0
tʰ nʲ	0.0	38	13775	1945	0.0
m g	0.0	71	6744	14588	0.0
ɮ pʲ	0.0	27	21018	677	0.0
ɮʲ tʰʲ	0.0	10	2010	972	0.002
tʰ s	0.0	107	13775	16375	0.0
ʃʰ nʲ	0.0	22	4982	1945	0.0
w rʲ	0.0	22	4473	2178	0.0
rʲ s	0.0	42	2178	16375	0.0
mʲ tʰ	0.0	25	938	13775	0.0
ɮ x	0.0	83	21018	6836	0.0
n nʲ	0.0	32	11001	1945	0.0
t tʰ	0.0	151	35058	13775	0.0
x s	0.0	72	6836	16375	0.0
χ ɮ	0.0	92	8846	21018	0.0
sʰ g	0.0	47	3379	14588	0.0
t ɮʲ	0.0	56	35058	2010	0.0
sʰ t	0.0	72	3379	35058	0.0
p ɮ	0.0	66	4819	21018	0.0
ʃ gʲ	0.0	24	8921	1511	0.0
ɢ j	0.0	38	9856	3444	0.0
p ɮʲ	0.0	20	4819	2010	0.0
sʰ ɢ	0.0	37	3379	9856	0.0
ʃ ɮʲ	0.0	27	8921	2010	0.0
m mʲ	0.0	16	6744	938	0.0
tʰ t	0.0	136	13775	35058	0.0
s ɮʲ	0.0	35	16375	2010	0.0
m χ	0.0	47	6744	8846	0.0
ɢ r	0.0	80	9856	18292	0.0
r tʰʲ	0.0	25	18292	972	0.0
ʃʰ n	0.0	43	4982	11001	0.0
r tʲ	0.0	25	18292	1016	0.0
g ɮʲ	0.0	31	14588	2010	0.0
gʲ j	0.0	13	1511	3444	0.0
ɮʲ s	0.0	32	2010	16375	0.0
ɮʲ tʰ	0.0	29	2010	13775	0.0
m xʲ	0.0	14	6744	966	0.0
tʰ gʲ	0.0	25	13775	1511	0.0
tʰ w	0.0	43	13775	4473	0.0
t nʲ	0.0	45	35058	1945	0.0
ʃʰ r	0.0	51	4982	18292	0.0
w ɮʲ	0.0	16	4473	2010	0.0
pʰ tʰ	0.0	21	1127	13775	0.0
p r	0.0	50	4819	18292	0.0
ʃ wʲ	0.0	14	8921	782	0.0
ʃ mʲ	0.0	15	8921	938	0.0
ʃ r	0.0	66	8921	18292	0.0
ɮʲ pʲ	0.0	6	2010	677	0.031
mʲ s	0.0	20	938	16375	0.0
r pʰ	0.0	23	18292	1127	0.0
m x	0.0	34	6744	6836	0.0
sʰ ɮʲ	0.0	13	3379	2010	0.0
sʰ r	0.0	39	3379	18292	0.0
t g	0.0	112	35058	14588	0.0
t gʲ	0.0	36	35058	1511	0.0
s tʲ	0.0	20	16375	1016	0.0
w x	0.0	27	4473	6836	0.0
r pʲ	0.0	17	18292	677	0.0
s xʲ	0.0	19	16375	966	0.0
r rʲ	0.0	30	18292	2178	0.0
ʃ t	0.0	84	8921	35058	0.0
t m	0.0	73	35058	6744	0.0
m m	0.0	32	6744	6744	0.0
w g	0.0	38	4473	14588	0.0
sʰ tʰ	0.0	31	3379	13775	0.0
ɢ ɮʲ	0.0	20	9856	2010	0.0
t rʲ	0.0	39	35058	2178	0.0
p pʲ	0.0	8	4819	677	0.008
r p	0.0	41	18292	4819	0.0
tʰ m	0.0	42	13775	6744	0.0
x tʲ	0.0	11	6836	1016	0.001
ʃ ɢ	0.0	38	8921	9856	0.0
ʃʰ s	0.0	36	4982	16375	0.0
ʃ m	0.0	30	8921	6744	0.0
w gʲ	0.0	10	4473	1511	0.002
rʲ tʰ	0.0	21	2178	13775	0.0
x p	0.0	22	6836	4819	0.0
t ɢ	0.0	70	35058	9856	0.0
w tʲ	0.0	8	4473	1016	0.008
χ n	0.0	36	8846	11001	0.0
ɮʲ mʲ	0.0	5	2010	938	0.062
sʰ w	0.0	14	3379	4473	0.0
pʰ ɢ	0.0	12	1127	9856	0.0
m nʲ	0.0	13	6744	1945	0.0
w j	0.0	14	4473	3444	0.0
ʃʰ m	0.0	20	4982	6744	0.0
g r	0.0	56	14588	18292	0.0
w n	0.0	24	4473	11001	0.0
n wʲ	0.0	10	11001	782	0.002
x r	0.0	38	6836	18292	0.0
ʃ nʲ	0.0	14	8921	1945	0.0
wʲ tʰ	0.0	11	782	13775	0.001
tʰ wʲ	0.0	11	13775	782	0.001
n pʲ	0.0	9	11001	677	0.004
pʰ s	0.0	14	1127	16375	0.0
ʃ n	0.0	32	8921	11001	0.0
ɮʲ pʰʲ	0.0	3	2010	431	0.25
j p	0.0	13	3444	4819	0.0
n n	0.0	35	11001	11001	0.0
rʲ ʃ	0.0	14	2178	8921	0.0
t n	0.0	61	35058	11001	0.0
s wʲ	0.0	11	16375	782	0.001
ʃ tʰʲ	0.0	9	8921	972	0.004
nʲ s	0.0	17	1945	16375	0.0
tʰ tʰʲ	0.0	11	13775	972	0.001
s pʲ	0.0	10	16375	677	0.002
n ɮʲ	0.0	14	11001	2010	0.0
n ɮ	0.0	45	11001	21018	0.0
pʰ mʲ	0.0	3	1127	938	0.25
ɮʲ gʲ	0.0	5	2010	1511	0.062
pʰ t	0.0	18	1127	35058	0.0
tʰ ɮʲ	0.0	15	13775	2010	0.0
r pʰʲ	0.0	8	18292	431	0.008
χ m	0.0	22	8846	6744	0.0
n pʰ	0.0	10	11001	1127	0.002
s mʲ	0.0	11	16375	938	0.001
ɢ rʲ	0.0	13	9856	2178	0.0
χ tʰ	0.0	30	8846	13775	0.0
m ɮʲ	0.0	10	6744	2010	0.002
g mʲ	0.0	10	14588	938	0.002
m j	0.0	13	6744	3444	0.0
ɮ n	0.0	41	21018	11001	0.0
m tʲ	0.0	7	6744	1016	0.016
nʲ pʲ	0.0	3	1945	677	0.25
ɮʲ ʃ	0.0	11	2010	8921	0.001
s p	0.0	23	16375	4819	0.0
ʃʰ gʲ	0.0	7	4982	1511	0.016
χ w	0.0	16	8846	4473	0.0
t mʲ	0.0	14	35058	938	0.0
w nʲ	0.0	7	4473	1945	0.016
ɮ nʲ	0.0	15	21018	1945	0.0
ʃʰ g	0.0	20	4982	14588	0.0
ɢ ɢ	0.0	23	9856	9856	0.0
x tʰʲ	0.0	6	6836	972	0.031
ɮ ʃ	0.0	31	21018	8921	0.0
sʰ mʲ	0.0	4	3379	938	0.125
x m	0.0	15	6836	6744	0.0
nʲ t	0.0	18	1945	35058	0.0
x ʃ	0.0	17	6836	8921	0.0
ɮʲ m	0.0	8	2010	6744	0.008
p ɴ	0.0	5	4819	1132	0.062
g tʰʲ	0.0	8	14588	972	0.008
ʃʰ w	0.0	10	4982	4473	0.002
ɮ r	0.0	41	21018	18292	0.0
χ r	0.0	26	8846	18292	0.0
ɮ mʲ	0.0	9	21018	938	0.004
r j	0.0	16	18292	3444	0.0
g x	0.0	20	14588	6836	0.0
ɮʲ w	0.0	6	2010	4473	0.031
p j	0.0	8	4819	3444	0.008
ɮʲ p	0.0	6	2010	4819	0.031
g gʲ	0.0	9	14588	1511	0.004
pʰ xʲ	0.0	2	1127	966	0.5
t wʲ	0.0	10	35058	782	0.002
ʃʰ ɮʲ	0.0	6	4982	2010	0.031
g w	0.0	15	14588	4473	0.0
t tʲ	0.0	11	35058	1016	0.001
j t	0.0	20	3444	35058	0.0
x w	0.0	10	6836	4473	0.002
ɮ wʲ	0.0	7	21018	782	0.016
p p	0.0	8	4819	4819	0.008
ɮ w	0.0	16	21018	4473	0.0
tʰ x	0.0	16	13775	6836	0.0
sʰ n	0.0	10	3379	11001	0.002
n rʲ	0.0	8	11001	2178	0.008
ɮʲ wʲ	0.0	2	2010	782	0.5
x mʲ	0.0	4	6836	938	0.125
mʲ pʰʲ	0.0	1	938	431	1.0
m rʲ	0.0	6	6744	2178	0.031
x gʲ	0.0	5	6836	1511	0.062
p wʲ	0.0	3	4819	782	0.25
ɮ tʲ	0.0	7	21018	1016	0.016
g wʲ	0.0	5	14588	782	0.062
s j	0.0	11	16375	3444	0.001
sʰ χ	0.0	8	3379	8846	0.008
m w	0.0	8	6744	4473	0.008
j tʰ	0.0	10	3444	13775	0.002
ʃ w	0.0	9	8921	4473	0.004
ɮʲ tʲ	0.0	2	2010	1016	0.5
p χ	0.0	9	4819	8846	0.004
ʃ xʲ	0.0	4	8921	966	0.125
p tʲ	0.0	3	4819	1016	0.25
x ɮʲ	0.0	5	6836	2010	0.062
g tʲ	0.0	5	14588	1016	0.062
t x	0.0	20	35058	6836	0.0
ɢ pʰ	0.0	4	9856	1127	0.125
s rʲ	0.0	7	16375	2178	0.016
nʲ tʰ	0.0	6	1945	13775	0.031
j nʲ	0.0	3	3444	1945	0.25
ɮʲ g	0.0	6	2010	14588	0.031
rʲ gʲ	0.0	2	2178	1511	0.5
p n	0.0	8	4819	11001	0.008
j tʰʲ	0.0	2	3444	972	0.5
w p	0.0	5	4473	4819	0.062
χ p	0.0	7	8846	4819	0.016
j tʲ	0.0	2	3444	1016	0.5
ʃʰ χ	0.0	7	4982	8846	0.016
sʰ m	0.0	5	3379	6744	0.062
n m	0.0	9	11001	6744	0.004
χ mʲ	0.0	3	8846	938	0.25
ʃ pʰʲ	0.0	2	8921	431	0.5
j pʰ	0.0	2	3444	1127	0.5
tʰ p	0.0	8	13775	4819	0.008
ɢ m	0.0	8	9856	6744	0.008
j n	0.0	6	3444	11001	0.031
ʃʰ j	0.0	4	4982	3444	0.125
χ ɢ	0.0	9	8846	9856	0.004
ʃ pʰ	0.0	3	8921	1127	0.25
r r	0.0	17	18292	18292	0.0
n pʰʲ	0.0	2	11001	431	0.5
n r	0.0	13	11001	18292	0.0
ɢ nʲ	0.0	4	9856	1945	0.125
rʲ χ	0.0	4	2178	8846	0.125
w m	0.0	5	4473	6744	0.062
tʰ χ	0.0	10	13775	8846	0.002
p s	0.0	8	4819	16375	0.008
w pʰ	0.0	2	4473	1127	0.5
m wʲ	0.0	2	6744	782	0.5
p ɢ	0.0	6	4819	9856	0.031
p tʰ	0.0	7	4819	13775	0.016
j ɢ	0.0	5	3444	9856	0.062
t χ	0.0	15	35058	8846	0.0
j g	0.0	6	3444	14588	0.031
tʰ mʲ	0.0	3	13775	938	0.25
g m	0.0	8	14588	6744	0.008
tʰ tʲ	0.0	3	13775	1016	0.25
j s	0.0	6	3444	16375	0.031
m tʰʲ	0.0	2	6744	972	0.5
p t	0.0	10	4819	35058	0.002
tʰ pʰ	0.0	3	13775	1127	0.25
wʲ ɮ	0.0	3	782	21018	0.25
rʲ ɮ	0.0	5	2178	21018	0.062
x x	0.0	5	6836	6836	0.062
j rʲ	0.0	2	3444	2178	0.5
ɢ p	0.0	5	9856	4819	0.062
ɮʲ xʲ	0.0	1	2010	966	1.0
t xʲ	0.0	4	35058	966	0.125
rʲ tʲ	0.0	1	2178	1016	1.0
s x	0.0	7	16375	6836	0.016
sʰ pʲ	0.0	1	3379	677	1.0
tʰ pʲ	0.0	2	13775	677	0.5
p nʲ	0.0	2	4819	1945	0.5
ɢ χ	0.0	6	9856	8846	0.031
rʲ w	0.0	2	2178	4473	0.5
g pʲ	0.0	2	14588	677	0.5
j r	0.0	5	3444	18292	0.062
sʰ x	0.0	3	3379	6836	0.25
ɮ pʰ	0.0	3	21018	1127	0.25
t pʲ	0.0	3	35058	677	0.25
ʃʰ rʲ	0.0	2	4982	2178	0.5
g p	0.0	5	14588	4819	0.062
wʲ g	0.0	2	782	14588	0.5
n w	0.0	4	11001	4473	0.125
sʰ tʰʲ	0.0	1	3379	972	1.0
sʰ tʲ	0.0	1	3379	1016	1.0
p x	0.0	3	4819	6836	0.25
rʲ m	0.0	2	2178	6744	0.5
wʲ p	0.0	1	782	4819	1.0
j w	0.0	2	3444	4473	0.5
ʃʰ wʲ	0.0	1	4982	782	1.0
s χ	0.0	6	16375	8846	0.031
nʲ χ	0.0	2	1945	8846	0.5
w tʰʲ	0.0	1	4473	972	1.0
x pʲ	0.0	1	6836	677	1.0
ʃʰ mʲ	0.0	1	4982	938	1.0
ʃ p	0.0	3	8921	4819	0.25
ʃ χ	0.0	4	8921	8846	0.125
w w	0.0	2	4473	4473	0.5
j gʲ	0.0	1	3444	1511	1.0
x wʲ	0.0	1	6836	782	1.0
ʃʰ ɢ	0.0	3	4982	9856	0.25
pʰ m	0.0	1	1127	6744	1.0
ʃ j	0.0	2	8921	3444	0.5
ɮ j	0.0	3	21018	3444	0.25
ʃʰ x	0.0	2	4982	6836	0.5
wʲ n	0.0	1	782	11001	1.0
ɮ pʰʲ	0.0	1	21018	431	1.0
ʃ tʲ	0.0	1	8921	1016	1.0
ɢ mʲ	0.0	1	9856	938	1.0
tʰʲ ɢ	0.0	1	972	9856	1.0
pʰ χ	0.0	1	1127	8846	1.0
tʲ ɢ	0.0	1	1016	9856	1.0
pʰ ʃ	0.0	1	1127	8921	1.0
mʲ n	0.0	1	938	11001	1.0
t p	0.0	4	35058	4819	0.125
nʲ x	0.0	1	1945	6836	1.0
tʰ ʃ	0.0	3	13775	8921	0.25
mʲ g	0.0	1	938	14588	1.0
p ŋ	0.0	2	4819	11537	0.5
n ŋ	0.0	3	11001	11537	0.25
ʃ x	0.0	2	8921	6836	0.5
g ɢ	0.0	3	14588	9856	0.25
g pʰ	0.0	1	14588	1127	1.0
tʲ s	0.0	1	1016	16375	1.0
χ nʲ	0.0	1	8846	1945	1.0
nʲ ʃ	0.0	1	1945	8921	1.0
χ rʲ	0.0	1	8846	2178	1.0
ʃ rʲ	0.0	1	8921	2178	1.0
χ ʃ	0.0	2	8846	8921	0.5
ɮʲ ɢ	0.0	1	2010	9856	1.0
ʃ ʃ	0.0	2	8921	8921	0.5
nʲ n	0.0	1	1945	11001	1.0
rʲ ɢ	0.0	1	2178	9856	1.0
p w	0.0	1	4819	4473	1.0
j m	0.0	1	3444	6744	1.0
j x	0.0	1	3444	6836	1.0
sʰ ʃ	0.0	1	3379	8921	1.0
p m	0.0	1	4819	6744	1.0
xʲ t	0.0	1	966	35058	1.0
tʲ t	0.0	1	1016	35058	1.0
ɢ g	0.0	2	9856	14588	0.5
s ʃ	0.0	2	16375	8921	0.5
n j	0.0	1	11001	3444	1.0
j ŋ	0.0	1	3444	11537	1.0
w ŋ	0.0	1	4473	11537	1.0
j ɮ	0.0	1	3444	21018	1.0
t ŋ	0.0	2	35058	11537	0.5
g ŋ	0.0	1	14588	11537	1.0
s ŋ	0.0	1	16375	11537	1.0
r ŋ	0.0	1	18292	11537	1.0
