ngram	insep	N(C1C2)	N(C1)	N(C2)	p(C1C2)
t s	0.91	3787	18238	8784	0.0
g ɟʑ	0.54	582	2473	2578	0.0
ŋ ɟʑ	0.51	357	990	2578	0.0
s t	0.45	2650	8784	18238	0.0
ʂ ʈʂ	0.22	547	4887	2826	0.0
d z	0.21	588	4608	3711	0.0
w j	0.11	877	8228	8637	0.0
ɖ ʐ	0.1	26	26	2663	0.0
p ʂ	0.1	520	5767	4887	0.0
ʈʂ k	0.09	491	2826	10101	0.0
ɕ cɕ	0.08	342	4601	3084	0.0
p r	0.08	500	5767	5639	0.0
ʐ ɖ	0.08	23	2663	26	0.0
z r	0.05	309	3711	5639	0.0
v ʐ	0.04	245	5991	2663	0.0
ŋ cɕ	0.04	104	990	3084	0.0
k t	0.03	792	10101	18238	0.0
ʈʂ ʈ	0.03	9	2826	9	0.004
ŋ c	0.03	13	990	56	0.0
l k	0.03	307	3185	10101	0.0
b ʐ	0.03	187	5132	2663	0.0
x t	0.03	287	1836	18238	0.0
f ʂ	0.02	123	1339	4887	0.0
s k	0.02	445	8784	10101	0.0
ʑ ɟʑ	0.02	42	326	2578	0.0
w t	0.02	561	8228	18238	0.0
ŋ d	0.02	97	990	4608	0.0
ʂ k	0.02	315	4887	10101	0.0
v j	0.02	321	5991	8637	0.0
ʈ ʂ	0.02	9	9	4887	0.004
t f	0.02	212	18238	1339	0.0
n k	0.02	328	5960	10101	0.0
g r	0.02	156	2473	5639	0.0
f k	0.02	153	1339	10101	0.0
m j	0.02	324	7102	8637	0.0
ɕ m	0.02	236	4601	7102	0.0
w d	0.02	254	8228	4608	0.0
p j	0.02	288	5767	8637	0.0
d l	0.02	154	4608	3185	0.0
b ɟ	0.02	57	5132	393	0.0
f ʈʂ	0.02	78	1339	2826	0.0
r t	0.02	405	5639	18238	0.0
t r	0.02	401	18238	5639	0.0
ɕ ɲ	0.02	174	4601	4231	0.0
ŋ t	0.02	166	990	18238	0.0
d r	0.01	193	4608	5639	0.0
w ʈʂ	0.01	179	8228	2826	0.0
d w	0.01	227	4608	8228	0.0
ɕ f	0.01	91	4601	1339	0.0
b j	0.01	244	5132	8637	0.0
ʑ ɲ	0.01	43	326	4231	0.0
b r	0.01	196	5132	5639	0.0
k ɕ	0.01	247	10101	4601	0.0
cɕ c	0.01	15	3084	56	0.0
z v	0.01	169	3711	5991	0.0
r k	0.01	266	5639	10101	0.0
k r	0.01	260	10101	5639	0.0
w g	0.01	149	8228	2473	0.0
z n	0.01	155	3711	5960	0.0
s p	0.01	227	8784	5767	0.0
t ʂ	0.01	300	18238	4887	0.0
t k	0.01	427	18238	10101	0.0
z m	0.01	161	3711	7102	0.0
z t	0.01	254	3711	18238	0.0
ʂ t	0.01	290	4887	18238	0.0
z b	0.01	133	3711	5132	0.0
z p	0.01	140	3711	5767	0.0
c ɕ	0.01	15	56	4601	0.0
ɕ p	0.01	151	4601	5767	0.0
v w	0.01	205	5991	8228	0.0
w p	0.01	200	8228	5767	0.0
d n	0.01	149	4608	5960	0.0
w ʐ	0.01	132	8228	2663	0.0
w b	0.01	182	8228	5132	0.0
k j	0.01	260	10101	8637	0.0
x cɕ	0.01	66	1836	3084	0.0
z j	0.01	149	3711	8637	0.0
s w	0.01	223	8784	8228	0.0
ɕ l	0.01	100	4601	3185	0.0
g w	0.01	115	2473	8228	0.0
k l	0.01	143	10101	3185	0.0
w ɕ	0.01	155	8228	4601	0.0
w v	0.01	176	8228	5991	0.0
d v	0.01	131	4608	5991	0.0
r d	0.01	126	5639	4608	0.0
d ɲ	0.01	109	4608	4231	0.0
z d	0.01	101	3711	4608	0.0
w k	0.01	222	8228	10101	0.0
f t	0.01	120	1339	18238	0.0
ŋ k	0.01	76	990	10101	0.0
w z	0.01	130	8228	3711	0.0
ʐ n	0.01	92	2663	5960	0.0
m t	0.01	260	7102	18238	0.0
w ɲ	0.01	132	8228	4231	0.0
m p	0.01	143	7102	5767	0.0
l n	0.0	96	3185	5960	0.0
g n	0.0	81	2473	5960	0.0
ʈʂ n	0.0	85	2826	5960	0.0
g l	0.0	57	2473	3185	0.0
v d	0.0	105	5991	4608	0.0
j k	0.0	184	8637	10101	0.0
ʐ ɲ	0.0	65	2663	4231	0.0
ʂ p	0.0	102	4887	5767	0.0
ɕ t	0.0	174	4601	18238	0.0
w s	0.0	160	8228	8784	0.0
ʂ j	0.0	121	4887	8637	0.0
ɕ ɟʑ	0.0	64	4601	2578	0.0
m b	0.0	112	7102	5132	0.0
ʂ z	0.0	79	4887	3711	0.0
j ɟʑ	0.0	87	8637	2578	0.0
s f	0.0	63	8784	1339	0.0
ʂ n	0.0	97	4887	5960	0.0
ʂ v	0.0	97	4887	5991	0.0
m ɲ	0.0	95	7102	4231	0.0
ɲ k	0.0	113	4231	10101	0.0
p ɟ	0.0	26	5767	393	0.0
j m	0.0	134	8637	7102	0.0
k w	0.0	154	10101	8228	0.0
z k	0.0	103	3711	10101	0.0
v ɲ	0.0	84	5991	4231	0.0
cɕ t	0.0	123	3084	18238	0.0
j t	0.0	203	8637	18238	0.0
s x	0.0	63	8784	1836	0.0
ʐ k	0.0	81	2663	10101	0.0
c n	0.0	9	56	5960	0.004
ʂ m	0.0	91	4887	7102	0.0
n t	0.0	161	5960	18238	0.0
n n	0.0	92	5960	5960	0.0
m ɕ	0.0	87	7102	4601	0.0
g ʐ	0.0	39	2473	2663	0.0
p w	0.0	103	5767	8228	0.0
w m	0.0	114	8228	7102	0.0
v p	0.0	85	5991	5767	0.0
r cɕ	0.0	60	5639	3084	0.0
ʂ ɕ	0.0	68	4887	4601	0.0
p s	0.0	102	5767	8784	0.0
ɲ ʈʂ	0.0	49	4231	2826	0.0
m v	0.0	92	7102	5991	0.0
d k	0.0	96	4608	10101	0.0
w n	0.0	98	8228	5960	0.0
x w	0.0	54	1836	8228	0.0
f ɟ	0.0	10	1339	393	0.002
v r	0.0	80	5991	5639	0.0
d j	0.0	86	4608	8637	0.0
x v	0.0	45	1836	5991	0.0
n d	0.0	71	5960	4608	0.0
w cɕ	0.0	68	8228	3084	0.0
j j	0.0	115	8637	8637	0.0
ʂ s	0.0	85	4887	8784	0.0
ɟ ɟʑ	0.0	13	393	2578	0.0
r v	0.0	75	5639	5991	0.0
s c	0.0	9	8784	56	0.004
ɕ z	0.0	52	4601	3711	0.0
m n	0.0	81	7102	5960	0.0
z w	0.0	68	3711	8228	0.0
z g	0.0	37	3711	2473	0.0
g ɟ	0.0	12	2473	393	0.0
f x	0.0	19	1339	1836	0.0
ʂ d	0.0	57	4887	4608	0.0
ʂ b	0.0	59	4887	5132	0.0
z ɲ	0.0	46	3711	4231	0.0
ɕ r	0.0	59	4601	5639	0.0
k m	0.0	98	10101	7102	0.0
j n	0.0	83	8637	5960	0.0
ŋ g	0.0	18	990	2473	0.0
ʐ p	0.0	45	2663	5767	0.0
j ɕ	0.0	72	8637	4601	0.0
v t	0.0	119	5991	18238	0.0
k ɲ	0.0	74	10101	4231	0.0
m z	0.0	58	7102	3711	0.0
k p	0.0	86	10101	5767	0.0
v ɟ	0.0	17	5991	393	0.0
b cɕ	0.0	44	5132	3084	0.0
ɕ v	0.0	58	4601	5991	0.0
ʈʂ t	0.0	79	2826	18238	0.0
p l	0.0	47	5767	3185	0.0
t t	0.0	200	18238	18238	0.0
k n	0.0	85	10101	5960	0.0
g ɲ	0.0	35	2473	4231	0.0
j ɲ	0.0	65	8637	4231	0.0
m k	0.0	91	7102	10101	0.0
p k	0.0	82	5767	10101	0.0
cɕ p	0.0	45	3084	5767	0.0
ɕ ɕ	0.0	49	4601	4601	0.0
ɕ j	0.0	67	4601	8637	0.0
k f	0.0	39	10101	1339	0.0
d ʐ	0.0	37	4608	2663	0.0
z ʈʂ	0.0	34	3711	2826	0.0
ɟ ɕ	0.0	14	393	4601	0.0
z cɕ	0.0	35	3711	3084	0.0
ɕ n	0.0	54	4601	5960	0.0
m m	0.0	73	7102	7102	0.0
ɲ c	0.0	5	4231	56	0.062
ʐ v	0.0	41	2663	5991	0.0
ʐ j	0.0	49	2663	8637	0.0
ŋ b	0.0	23	990	5132	0.0
ʂ ɲ	0.0	46	4887	4231	0.0
v k	0.0	78	5991	10101	0.0
r b	0.0	53	5639	5132	0.0
r f	0.0	27	5639	1339	0.0
t ɲ	0.0	85	18238	4231	0.0
w f	0.0	32	8228	1339	0.0
j p	0.0	68	8637	5767	0.0
ŋ ʈʂ	0.0	16	990	2826	0.0
r n	0.0	55	5639	5960	0.0
ɟ x	0.0	8	393	1836	0.008
x ɲ	0.0	26	1836	4231	0.0
j b	0.0	62	8637	5132	0.0
m r	0.0	58	7102	5639	0.0
z z	0.0	34	3711	3711	0.0
s n	0.0	66	8784	5960	0.0
ɕ k	0.0	62	4601	10101	0.0
cɕ v	0.0	39	3084	5991	0.0
n p	0.0	53	5960	5767	0.0
ɲ t	0.0	79	4231	18238	0.0
s j	0.0	78	8784	8637	0.0
p ʈʂ	0.0	36	5767	2826	0.0
k b	0.0	64	10101	5132	0.0
g d	0.0	30	2473	4608	0.0
t v	0.0	91	18238	5991	0.0
r j	0.0	60	5639	8637	0.0
k ʂ	0.0	60	10101	4887	0.0
p cɕ	0.0	36	5767	3084	0.0
ɟ k	0.0	17	393	10101	0.0
f s	0.0	29	1339	8784	0.0
t n	0.0	88	18238	5960	0.0
l b	0.0	34	3185	5132	0.0
n j	0.0	60	5960	8637	0.0
k v	0.0	65	10101	5991	0.0
k z	0.0	51	10101	3711	0.0
cɕ z	0.0	28	3084	3711	0.0
ŋ s	0.0	24	990	8784	0.0
j z	0.0	46	8637	3711	0.0
n s	0.0	58	5960	8784	0.0
ʐ ɕ	0.0	28	2663	4601	0.0
m s	0.0	63	7102	8784	0.0
j v	0.0	57	8637	5991	0.0
ʐ t	0.0	55	2663	18238	0.0
ʂ w	0.0	50	4887	8228	0.0
v ʑ	0.0	11	5991	326	0.001
ʑ l	0.0	8	326	3185	0.008
w ɟʑ	0.0	36	8228	2578	0.0
t p	0.0	80	18238	5767	0.0
w x	0.0	30	8228	1836	0.0
k ʐ	0.0	40	10101	2663	0.0
ʐ m	0.0	33	2663	7102	0.0
k ɟ	0.0	15	10101	393	0.0
ɲ d	0.0	33	4231	4608	0.0
p t	0.0	76	5767	18238	0.0
g j	0.0	34	2473	8637	0.0
cɕ k	0.0	41	3084	10101	0.0
f d	0.0	18	1339	4608	0.0
cɕ n	0.0	31	3084	5960	0.0
ʑ m	0.0	11	326	7102	0.001
n v	0.0	43	5960	5991	0.0
cɕ j	0.0	37	3084	8637	0.0
v ɟʑ	0.0	28	5991	2578	0.0
ɟʑ z	0.0	22	2578	3711	0.0
v l	0.0	31	5991	3185	0.0
m cɕ	0.0	33	7102	3084	0.0
v ɕ	0.0	37	5991	4601	0.0
ɟ b	0.0	10	393	5132	0.002
cɕ b	0.0	28	3084	5132	0.0
t m	0.0	80	18238	7102	0.0
t b	0.0	68	18238	5132	0.0
m d	0.0	40	7102	4608	0.0
ʑ cɕ	0.0	7	326	3084	0.016
ʐ cɕ	0.0	20	2663	3084	0.0
ɲ m	0.0	38	4231	7102	0.0
n m	0.0	45	5960	7102	0.0
f r	0.0	19	1339	5639	0.0
k d	0.0	47	10101	4608	0.0
j d	0.0	43	8637	4608	0.0
ŋ p	0.0	16	990	5767	0.0
ɟʑ d	0.0	23	2578	4608	0.0
ʂ r	0.0	35	4887	5639	0.0
r ʂ	0.0	35	5639	4887	0.0
ʐ d	0.0	23	2663	4608	0.0
ɟʑ t	0.0	45	2578	18238	0.0
ɲ j	0.0	39	4231	8637	0.0
f ɕ	0.0	16	1339	4601	0.0
j cɕ	0.0	33	8637	3084	0.0
ʂ ʐ	0.0	23	4887	2663	0.0
ʂ x	0.0	19	4887	1836	0.0
d m	0.0	36	4608	7102	0.0
l ɲ	0.0	23	3185	4231	0.0
v g	0.0	24	5991	2473	0.0
ɟ ɲ	0.0	8	393	4231	0.008
s m	0.0	49	8784	7102	0.0
v s	0.0	45	5991	8784	0.0
cɕ m	0.0	29	3084	7102	0.0
ŋ ʐ	0.0	10	990	2663	0.002
ɕ d	0.0	28	4601	4608	0.0
t z	0.0	50	18238	3711	0.0
s ɲ	0.0	37	8784	4231	0.0
n x	0.0	20	5960	1836	0.0
ɕ s	0.0	38	4601	8784	0.0
ɟʑ p	0.0	23	2578	5767	0.0
m x	0.0	21	7102	1836	0.0
m ʈʂ	0.0	26	7102	2826	0.0
t d	0.0	53	18238	4608	0.0
n ɲ	0.0	29	5960	4231	0.0
ɕ b	0.0	28	4601	5132	0.0
k s	0.0	54	10101	8784	0.0
n g	0.0	22	5960	2473	0.0
ʐ z	0.0	18	2663	3711	0.0
v n	0.0	34	5991	5960	0.0
d p	0.0	29	4608	5767	0.0
w r	0.0	38	8228	5639	0.0
ɲ s	0.0	34	4231	8784	0.0
ʂ l	0.0	22	4887	3185	0.0
m g	0.0	23	7102	2473	0.0
m l	0.0	26	7102	3185	0.0
ʂ g	0.0	19	4887	2473	0.0
z s	0.0	31	3711	8784	0.0
ɟʑ v	0.0	21	2578	5991	0.0
v v	0.0	32	5991	5991	0.0
ɕ g	0.0	18	4601	2473	0.0
r ɲ	0.0	26	5639	4231	0.0
m ʐ	0.0	23	7102	2663	0.0
ʈʂ j	0.0	26	2826	8637	0.0
x m	0.0	19	1836	7102	0.0
ɲ g	0.0	17	4231	2473	0.0
x k	0.0	22	1836	10101	0.0
n z	0.0	24	5960	3711	0.0
r m	0.0	32	5639	7102	0.0
cɕ x	0.0	12	3084	1836	0.0
x j	0.0	20	1836	8637	0.0
j s	0.0	43	8637	8784	0.0
g v	0.0	19	2473	5991	0.0
ŋ v	0.0	12	990	5991	0.0
t ʑ	0.0	12	18238	326	0.0
b ʈʂ	0.0	18	5132	2826	0.0
x b	0.0	14	1836	5132	0.0
ŋ w	0.0	13	990	8228	0.0
ʐ s	0.0	22	2663	8784	0.0
ʐ x	0.0	10	2663	1836	0.002
r ʈʂ	0.0	18	5639	2826	0.0
d g	0.0	15	4608	2473	0.0
f cɕ	0.0	9	1339	3084	0.004
k x	0.0	19	10101	1836	0.0
ʂ cɕ	0.0	17	4887	3084	0.0
ʈʂ ɲ	0.0	15	2826	4231	0.0
t w	0.0	53	18238	8228	0.0
k cɕ	0.0	24	10101	3084	0.0
ɲ p	0.0	21	4231	5767	0.0
cɕ d	0.0	16	3084	4608	0.0
x z	0.0	11	1836	3711	0.001
b l	0.0	17	5132	3185	0.0
b w	0.0	27	5132	8228	0.0
cɕ ɲ	0.0	15	3084	4231	0.0
ŋ ʂ	0.0	9	990	4887	0.004
z l	0.0	14	3711	3185	0.0
v z	0.0	19	5991	3711	0.0
w w	0.0	33	8228	8228	0.0
v m	0.0	26	5991	7102	0.0
ɟ p	0.0	6	393	5767	0.031
ɟ ʐ	0.0	4	393	2663	0.125
z ɟʑ	0.0	12	3711	2578	0.0
n ɕ	0.0	20	5960	4601	0.0
ɟʑ s	0.0	18	2578	8784	0.0
x l	0.0	9	1836	3185	0.004
d ʈʂ	0.0	13	4608	2826	0.0
d t	0.0	33	4608	18238	0.0
ɲ ʂ	0.0	16	4231	4887	0.0
ɕ x	0.0	10	4601	1836	0.002
ɕ ʐ	0.0	12	4601	2663	0.0
v b	0.0	19	5991	5132	0.0
f l	0.0	7	1339	3185	0.016
cɕ ʈʂ	0.0	10	3084	2826	0.002
ɲ n	0.0	17	4231	5960	0.0
x p	0.0	11	1836	5767	0.001
w l	0.0	17	8228	3185	0.0
l t	0.0	25	3185	18238	0.0
x x	0.0	6	1836	1836	0.031
k k	0.0	33	10101	10101	0.0
m f	0.0	10	7102	1339	0.002
ɟ s	0.0	6	393	8784	0.031
n f	0.0	9	5960	1339	0.004
ʂ f	0.0	8	4887	1339	0.008
j x	0.0	12	8637	1836	0.0
k g	0.0	15	10101	2473	0.0
ɟ t	0.0	8	393	18238	0.008
ʐ b	0.0	11	2663	5132	0.001
ɟ d	0.0	4	393	4608	0.125
n r	0.0	17	5960	5639	0.0
cɕ ɕ	0.0	11	3084	4601	0.001
ɟ ʂ	0.0	4	393	4887	0.125
cɕ s	0.0	15	3084	8784	0.0
f p	0.0	8	1339	5767	0.008
t ʐ	0.0	20	18238	2663	0.0
z ʐ	0.0	9	3711	2663	0.004
ɟ ʈʂ	0.0	3	393	2826	0.25
cɕ ɟʑ	0.0	8	3084	2578	0.008
j g	0.0	13	8637	2473	0.0
g b	0.0	10	2473	5132	0.002
cɕ ʐ	0.0	8	3084	2663	0.008
w ɟ	0.0	5	8228	393	0.062
ɟ f	0.0	2	393	1339	0.5
t l	0.0	21	18238	3185	0.0
z ʑ	0.0	3	3711	326	0.25
ɟ cɕ	0.0	3	393	3084	0.25
ɟ j	0.0	5	393	8637	0.062
f b	0.0	7	1339	5132	0.016
b k	0.0	19	5132	10101	0.0
ɲ ɲ	0.0	11	4231	4231	0.001
f m	0.0	8	1339	7102	0.008
t x	0.0	15	18238	1836	0.0
ɲ v	0.0	13	4231	5991	0.0
r s	0.0	18	5639	8784	0.0
n ɟʑ	0.0	10	5960	2578	0.002
ɟʑ n	0.0	10	2578	5960	0.002
n ɖ	0.0	1	5960	26	1.0
cɕ f	0.0	5	3084	1339	0.062
ɲ r	0.0	12	4231	5639	0.0
s z	0.0	14	8784	3711	0.0
v ʈʂ	0.0	10	5991	2826	0.002
d d	0.0	11	4608	4608	0.001
s b	0.0	16	8784	5132	0.0
w ʂ	0.0	15	8228	4887	0.0
r ɟʑ	0.0	9	5639	2578	0.004
b n	0.0	13	5132	5960	0.0
n b	0.0	13	5960	5132	0.0
ŋ ɕ	0.0	5	990	4601	0.062
l m	0.0	11	3185	7102	0.001
t j	0.0	29	18238	8637	0.0
l s	0.0	12	3185	8784	0.0
ŋ l	0.0	4	990	3185	0.125
ʈʂ p	0.0	9	2826	5767	0.004
d ɟ	0.0	3	4608	393	0.25
ɕ ʈʂ	0.0	8	4601	2826	0.008
ʑ k	0.0	4	326	10101	0.125
r w	0.0	15	5639	8228	0.0
ɟʑ b	0.0	8	2578	5132	0.008
ʈʂ v	0.0	9	2826	5991	0.004
j r	0.0	15	8637	5639	0.0
ɟʑ cɕ	0.0	6	2578	3084	0.031
d cɕ	0.0	8	4608	3084	0.008
ɟʑ m	0.0	9	2578	7102	0.004
j l	0.0	11	8637	3185	0.001
t ʈʂ	0.0	15	18238	2826	0.0
ŋ z	0.0	4	990	3711	0.125
ʐ l	0.0	6	2663	3185	0.031
j ʂ	0.0	13	8637	4887	0.0
g z	0.0	6	2473	3711	0.031
ʂ ɟʑ	0.0	7	4887	2578	0.016
cɕ r	0.0	8	3084	5639	0.008
z x	0.0	5	3711	1836	0.062
d b	0.0	9	4608	5132	0.004
v ʂ	0.0	10	5991	4887	0.002
x ɟʑ	0.0	4	1836	2578	0.125
ʈʂ b	0.0	7	2826	5132	0.016
w ʑ	0.0	3	8228	326	0.25
x n	0.0	6	1836	5960	0.031
cɕ g	0.0	5	3084	2473	0.062
m ɟ	0.0	3	7102	393	0.25
ɟ m	0.0	3	393	7102	0.25
z f	0.0	4	3711	1339	0.125
ɟ l	0.0	2	393	3185	0.5
t g	0.0	12	18238	2473	0.0
ʑ s	0.0	3	326	8784	0.25
ɲ z	0.0	7	4231	3711	0.016
k ɟʑ	0.0	9	10101	2578	0.004
s ɕ	0.0	11	8784	4601	0.001
x ɕ	0.0	5	1836	4601	0.062
x d	0.0	5	1836	4608	0.062
ɲ b	0.0	8	4231	5132	0.008
ɟ z	0.0	2	393	3711	0.5
z ʂ	0.0	7	3711	4887	0.016
ʑ t	0.0	4	326	18238	0.125
g t	0.0	11	2473	18238	0.001
t ɕ	0.0	15	18238	4601	0.0
n cɕ	0.0	7	5960	3084	0.016
t ɟʑ	0.0	11	18238	2578	0.001
d s	0.0	10	4608	8784	0.002
ʈʂ z	0.0	5	2826	3711	0.062
s v	0.0	11	8784	5991	0.001
ʈʂ r	0.0	6	2826	5639	0.031
k ʈʂ	0.0	8	10101	2826	0.008
x s	0.0	6	1836	8784	0.031
s s	0.0	13	8784	8784	0.0
f j	0.0	5	1339	8637	0.062
ɕ w	0.0	9	4601	8228	0.004
n ʈʂ	0.0	6	5960	2826	0.031
ʑ p	0.0	2	326	5767	0.5
ʑ n	0.0	2	326	5960	0.5
f v	0.0	4	1339	5991	0.125
r p	0.0	8	5639	5767	0.008
m ɟʑ	0.0	6	7102	2578	0.031
ʐ ʂ	0.0	5	2663	4887	0.062
ɲ cɕ	0.0	5	4231	3084	0.062
p n	0.0	8	5767	5960	0.008
ɲ ɕ	0.0	6	4231	4601	0.031
p ɕ	0.0	7	5767	4601	0.016
x ʂ	0.0	4	1836	4887	0.125
m w	0.0	10	7102	8228	0.002
ɟ n	0.0	2	393	5960	0.5
n ɟ	0.0	2	5960	393	0.5
l ɕ	0.0	5	3185	4601	0.062
ɟ v	0.0	2	393	5991	0.5
x f	0.0	2	1836	1339	0.5
ɟʑ j	0.0	6	2578	8637	0.031
x r	0.0	4	1836	5639	0.125
ŋ n	0.0	3	990	5960	0.25
p ɲ	0.0	6	5767	4231	0.031
g g	0.0	3	2473	2473	0.25
t cɕ	0.0	9	18238	3084	0.004
m ʂ	0.0	7	7102	4887	0.016
j f	0.0	4	8637	1339	0.125
n l	0.0	5	5960	3185	0.062
g ʈʂ	0.0	3	2473	2826	0.25
ŋ m	0.0	3	990	7102	0.25
ʈʂ d	0.0	4	2826	4608	0.125
g f	0.0	2	2473	1339	0.5
g cɕ	0.0	3	2473	3084	0.25
ʐ ʑ	0.0	1	2663	326	1.0
ʑ ʐ	0.0	1	326	2663	1.0
s ʂ	0.0	7	8784	4887	0.016
ʐ f	0.0	2	2663	1339	0.5
l d	0.0	4	3185	4608	0.125
j ʐ	0.0	5	8637	2663	0.062
cɕ ʂ	0.0	4	3084	4887	0.125
ɲ w	0.0	6	4231	8228	0.031
ɟ g	0.0	1	393	2473	1.0
j ʈʂ	0.0	5	8637	2826	0.062
ʈʂ s	0.0	5	2826	8784	0.062
z ɕ	0.0	4	3711	4601	0.125
cɕ l	0.0	3	3084	3185	0.25
r l	0.0	4	5639	3185	0.125
x g	0.0	2	1836	2473	0.5
v x	0.0	3	5991	1836	0.25
x ʈʂ	0.0	2	1836	2826	0.5
d ɟʑ	0.0	3	4608	2578	0.25
d ɕ	0.0	4	4608	4601	0.125
ŋ f	0.0	1	990	1339	1.0
p z	0.0	4	5767	3711	0.125
s r	0.0	6	8784	5639	0.031
f ɲ	0.0	2	1339	4231	0.5
g p	0.0	3	2473	5767	0.25
ɟʑ g	0.0	2	2578	2473	0.5
ɟʑ k	0.0	4	2578	10101	0.125
ʐ r	0.0	3	2663	5639	0.25
s cɕ	0.0	4	8784	3084	0.125
n ʐ	0.0	3	5960	2663	0.25
f f	0.0	1	1339	1339	1.0
ŋ x	0.0	1	990	1836	1.0
ʑ r	0.0	1	326	5639	1.0
p f	0.0	2	5767	1339	0.5
n ʑ	0.0	1	5960	326	1.0
f n	0.0	2	1339	5960	0.5
w ŋ	0.0	2	8228	990	0.5
l v	0.0	3	3185	5991	0.25
ʈʂ cɕ	0.0	2	2826	3084	0.5
r ɟ	0.0	1	5639	393	1.0
ʈʂ m	0.0	3	2826	7102	0.25
m ʑ	0.0	1	7102	326	1.0
r z	0.0	3	5639	3711	0.25
p x	0.0	2	5767	1836	0.5
ʑ w	0.0	1	326	8228	1.0
ɲ ɟʑ	0.0	2	4231	2578	0.5
ɟʑ ɲ	0.0	2	2578	4231	0.5
ɲ ʐ	0.0	2	4231	2663	0.5
s l	0.0	3	8784	3185	0.25
ɟʑ ʂ	0.0	2	2578	4887	0.5
ɟ w	0.0	1	393	8228	1.0
n ʂ	0.0	3	5960	4887	0.25
k ʑ	0.0	1	10101	326	1.0
f ɟʑ	0.0	1	1339	2578	1.0
ʈʂ ʂ	0.0	2	2826	4887	0.5
ʈʂ f	0.0	1	2826	1339	1.0
s d	0.0	3	8784	4608	0.25
l p	0.0	2	3185	5767	0.5
x ʐ	0.0	1	1836	2663	1.0
f z	0.0	1	1339	3711	1.0
s g	0.0	2	8784	2473	0.5
ŋ r	0.0	1	990	5639	1.0
ɕ ʂ	0.0	2	4601	4887	0.5
s ɟʑ	0.0	2	8784	2578	0.5
r ɕ	0.0	2	5639	4601	0.5
l w	0.0	2	3185	8228	0.5
ʐ g	0.0	1	2663	2473	1.0
p d	0.0	2	5767	4608	0.5
ʐ ɟʑ	0.0	1	2663	2578	1.0
ʈʂ g	0.0	1	2826	2473	1.0
ɟʑ ʈʂ	0.0	1	2578	2826	1.0
p b	0.0	2	5767	5132	0.5
ʐ ʈʂ	0.0	1	2663	2826	1.0
ɲ x	0.0	1	4231	1836	1.0
l g	0.0	1	3185	2473	1.0
j w	0.0	3	8637	8228	0.25
r r	0.0	2	5639	5639	0.5
ɟʑ l	0.0	1	2578	3185	1.0
p p	0.0	2	5767	5767	0.5
ŋ j	0.0	1	990	8637	1.0
l cɕ	0.0	1	3185	3084	1.0
l l	0.0	1	3185	3185	1.0
r x	0.0	1	5639	1836	1.0
f w	0.0	1	1339	8228	1.0
l z	0.0	1	3185	3711	1.0
ɟʑ ɕ	0.0	1	2578	4601	1.0
n w	0.0	2	5960	8228	0.5
b g	0.0	1	5132	2473	1.0
ʈʂ ɕ	0.0	1	2826	4601	1.0
r g	0.0	1	5639	2473	1.0
r ʐ	0.0	1	5639	2663	1.0
b ɲ	0.0	1	5132	4231	1.0
g s	0.0	1	2473	8784	1.0
ʈʂ w	0.0	1	2826	8228	1.0
s ʐ	0.0	1	8784	2663	1.0
ʂ ʂ	0.0	1	4887	4887	1.0
g k	0.0	1	2473	10101	1.0
cɕ w	0.0	1	3084	8228	1.0
p v	0.0	1	5767	5991	1.0
b t	0.0	1	5132	18238	1.0
