ngram	insep	N(C1C2)	N(C1)	N(C2)	p(C1C2)
n d	0.34	484	1116	908	0.0
ɡ b	0.31	924	2124	1855	0.0
ŋ ɡ	0.3	766	1349	2124	0.0
k p	0.2	395	1864	605	0.0
n z	0.19	306	1116	643	0.0
m b	0.14	484	1275	1855	0.0
ŋ m	0.12	385	1349	1275	0.0
v w	0.1	51	130	300	0.0
b a	0.09	711	1855	4385	0.0
m ɡ	0.08	380	1275	2124	0.0
l i	0.06	394	2378	1702	0.0
l a	0.04	516	2378	4385	0.0
a l	0.04	509	4385	2378	0.0
l o	0.04	303	2378	1597	0.0
l ɛ	0.03	330	2378	1923	0.0
l e	0.03	220	2378	913	0.0
k ɔ	0.03	262	1864	1676	0.0
a ŋ	0.03	349	4385	1349	0.0
k a	0.03	401	1864	4385	0.0
o l	0.03	271	1597	2378	0.0
ɛ l	0.03	291	1923	2378	0.0
z a	0.03	228	643	4385	0.0
u l	0.03	282	1820	2378	0.0
a k	0.03	384	4385	1864	0.0
b ɛ	0.03	253	1855	1923	0.0
k o	0.02	224	1864	1597	0.0
i l	0.02	257	1702	2378	0.0
ɔ l	0.02	254	1676	2378	0.0
ɓ u	0.02	112	447	1820	0.0
d a	0.02	243	908	4385	0.0
a n	0.02	269	4385	1116	0.0
l u	0.02	241	2378	1820	0.0
ɡ a	0.02	352	2124	4385	0.0
e l	0.02	166	913	2378	0.0
p a	0.02	182	605	4385	0.0
b o	0.02	192	1855	1597	0.0
k u	0.02	204	1864	1820	0.0
t u	0.02	132	800	1820	0.0
z ɛ	0.02	117	643	1923	0.0
b i	0.02	186	1855	1702	0.0
ɡ o	0.02	190	2124	1597	0.0
b u	0.01	186	1855	1820	0.0
s a	0.01	174	683	4385	0.0
s i	0.01	107	683	1702	0.0
d i	0.01	123	908	1702	0.0
j a	0.01	115	324	4385	0.0
d u	0.01	124	908	1820	0.0
f ũ	0.01	17	345	92	0.0
l ɔ	0.01	190	2378	1676	0.0
ɔ k	0.01	168	1676	1864	0.0
s ɛ	0.01	108	683	1923	0.0
b ɔ	0.01	165	1855	1676	0.0
f u	0.01	74	345	1820	0.0
ɗ ɛ	0.01	89	481	1923	0.0
d ɔ	0.01	114	908	1676	0.0
t e	0.01	78	800	913	0.0
ɓ a	0.01	126	447	4385	0.0
ɛ ŋ	0.01	143	1923	1349	0.0
a t	0.01	164	4385	800	0.0
t i	0.01	102	800	1702	0.0
t a	0.01	162	800	4385	0.0
t o	0.01	96	800	1597	0.0
ɲ a	0.01	65	134	4385	0.0
l ĩ	0.01	44	2378	115	0.0
ɔ ŋ	0.01	126	1676	1349	0.0
d o	0.01	99	908	1597	0.0
ɗ o	0.01	72	481	1597	0.0
k ɛ	0.01	155	1864	1923	0.0
b e	0.01	105	1855	913	0.0
ɗ a	0.01	117	481	4385	0.0
s ɔ	0.01	86	683	1676	0.0
w a	0.01	92	300	4385	0.0
j ɔ	0.01	59	324	1676	0.0
p u	0.01	83	605	1820	0.0
ɡ ɔ	0.01	149	2124	1676	0.0
m a	0.01	184	1275	4385	0.0
i n	0.01	107	1702	1116	0.0
s u	0.01	86	683	1820	0.0
o k	0.01	133	1597	1864	0.0
a m	0.01	181	4385	1275	0.0
a ɓ	0.01	106	4385	447	0.0
w i	0.01	54	300	1702	0.0
m ɔ	0.01	110	1275	1676	0.0
ɡ u	0.01	145	2124	1820	0.0
ɛ k	0.01	139	1923	1864	0.0
ɛ n	0.01	107	1923	1116	0.0
ɗ i	0.01	66	481	1702	0.0
u t	0.01	88	1820	800	0.0
t ɛ	0.01	90	800	1923	0.0
p ɛ	0.01	78	605	1923	0.0
l ɛ̃	0.01	49	2378	199	0.0
d ɛ	0.01	94	908	1923	0.0
ɓ o	0.01	60	447	1597	0.0
ɛ ɗ	0.01	67	1923	481	0.0
z u	0.01	75	643	1820	0.0
ɡ e	0.01	96	2124	913	0.0
a ɗ	0.01	100	4385	481	0.0
z i	0.01	71	643	1702	0.0
i k	0.01	119	1702	1864	0.0
p ã	0.01	27	605	275	0.0
d e	0.01	60	908	913	0.0
u k	0.01	121	1820	1864	0.0
v ĩ	0.01	8	130	115	0.008
ɡ ɛ	0.01	132	2124	1923	0.0
o ɗ	0.01	57	1597	481	0.0
o ŋ	0.01	95	1597	1349	0.0
u s	0.01	72	1820	683	0.0
u ɗ	0.01	60	1820	481	0.0
t ɔ	0.01	74	800	1676	0.0
ɛ̃ l	0.01	43	199	2378	0.0
k i	0.01	111	1864	1702	0.0
l ã	0.01	50	2378	275	0.0
ã l	0.01	50	275	2378	0.0
ɗ u	0.01	57	481	1820	0.0
ɔ n	0.01	81	1676	1116	0.0
ɲ ɔ	0.01	28	134	1676	0.0
p o	0.01	58	605	1597	0.0
ɛ t	0.01	73	1923	800	0.0
u m	0.0	89	1820	1275	0.0
j ɛ	0.0	46	324	1923	0.0
f a	0.0	71	345	4385	0.0
p i	0.0	58	605	1702	0.0
ɲ ɛ	0.0	29	134	1923	0.0
h ã	0.0	10	112	275	0.002
t ũ	0.0	15	800	92	0.0
j e	0.0	30	324	913	0.0
v ũ	0.0	6	130	92	0.031
s ɔ̃	0.0	19	683	176	0.0
i ŋ	0.0	83	1702	1349	0.0
e e	0.0	50	913	913	0.0
u r	0.0	26	1820	127	0.0
p e	0.0	40	605	913	0.0
a s	0.0	93	4385	683	0.0
w e	0.0	28	300	913	0.0
w o	0.0	37	300	1597	0.0
f ɛ̃	0.0	14	345	199	0.0
f o	0.0	39	345	1597	0.0
n a	0.0	115	1116	4385	0.0
f ɛ	0.0	42	345	1923	0.0
p ɔ	0.0	51	605	1676	0.0
ɗ ɔ	0.0	45	481	1676	0.0
u ŋ	0.0	78	1820	1349	0.0
ɓ ɔ	0.0	43	447	1676	0.0
ɓ ɛ	0.0	46	447	1923	0.0
i t	0.0	57	1702	800	0.0
w u	0.0	36	300	1820	0.0
z ɔ	0.0	50	643	1676	0.0
a f	0.0	59	4385	345	0.0
ɡ i	0.0	91	2124	1702	0.0
a j	0.0	57	4385	324	0.0
ɔ m	0.0	68	1676	1275	0.0
s ɛ̃	0.0	17	683	199	0.0
t ɔ̃	0.0	17	800	176	0.0
t ɛ̃	0.0	18	800	199	0.0
ɔ s	0.0	48	1676	683	0.0
k ã	0.0	32	1864	275	0.0
f i	0.0	34	345	1702	0.0
ĩ ĩ	0.0	5	115	115	0.062
ɗ e	0.0	28	481	913	0.0
ɛ̃ ɛ	0.0	26	199	1923	0.0
i s	0.0	45	1702	683	0.0
o m	0.0	59	1597	1275	0.0
s o	0.0	43	683	1597	0.0
a ɡ	0.0	125	4385	2124	0.0
i r	0.0	19	1702	127	0.0
ɔ j	0.0	30	1676	324	0.0
ɔ t	0.0	47	1676	800	0.0
z ã	0.0	17	643	275	0.0
h ɛ̃	0.0	6	112	199	0.031
l ɔ̃	0.0	26	2378	176	0.0
n u	0.0	57	1116	1820	0.0
i ɗ	0.0	36	1702	481	0.0
h ũ	0.0	4	112	92	0.125
u n	0.0	56	1820	1116	0.0
n i	0.0	54	1116	1702	0.0
ɛ ɛ	0.0	75	1923	1923	0.0
f ã	0.0	12	345	275	0.0
a z	0.0	65	4385	643	0.0
ũ l	0.0	18	92	2378	0.0
ɓ i	0.0	33	447	1702	0.0
o r	0.0	17	1597	127	0.0
h a	0.0	26	112	4385	0.0
u a	0.0	104	1820	4385	0.0
w ɔ	0.0	26	300	1676	0.0
k ɔ̃	0.0	21	1864	176	0.0
z o	0.0	37	643	1597	0.0
b ã	0.0	26	1855	275	0.0
ɔ ɗ	0.0	32	1676	481	0.0
o ɓ	0.0	30	1597	447	0.0
d ɛ̃	0.0	15	908	199	0.0
ɛ m	0.0	55	1923	1275	0.0
a w	0.0	40	4385	300	0.0
s ã	0.0	15	683	275	0.0
ɛ r	0.0	17	1923	127	0.0
u f	0.0	27	1820	345	0.0
d ĩ	0.0	11	908	115	0.001
ɛ s	0.0	39	1923	683	0.0
ɔ̃ l	0.0	22	176	2378	0.0
a ɲ	0.0	26	4385	134	0.0
j o	0.0	24	324	1597	0.0
e ŋ	0.0	37	913	1349	0.0
z ĩ	0.0	9	643	115	0.004
v ɔ̃	0.0	5	130	176	0.062
ŋ a	0.0	80	1349	4385	0.0
ɔ ɔ	0.0	55	1676	1676	0.0
j i	0.0	24	324	1702	0.0
i i	0.0	54	1702	1702	0.0
ĩ i	0.0	14	115	1702	0.0
w ɛ	0.0	24	300	1923	0.0
o n	0.0	42	1597	1116	0.0
o o	0.0	50	1597	1597	0.0
ɛ ɓ	0.0	29	1923	447	0.0
u ɓ	0.0	28	1820	447	0.0
v u	0.0	15	130	1820	0.0
k e	0.0	40	1864	913	0.0
p ɔ̃	0.0	10	605	176	0.002
z e	0.0	23	643	913	0.0
l ũ	0.0	14	2378	92	0.0
h i	0.0	13	112	1702	0.0
v i	0.0	14	130	1702	0.0
m u	0.0	45	1275	1820	0.0
ɔ ɓ	0.0	25	1676	447	0.0
p ɛ̃	0.0	10	605	199	0.002
u v	0.0	14	1820	130	0.0
f e	0.0	16	345	913	0.0
d ã	0.0	14	908	275	0.0
n ɔ	0.0	38	1116	1676	0.0
h ɔ	0.0	12	112	1676	0.0
f ɔ	0.0	21	345	1676	0.0
o t	0.0	31	1597	800	0.0
a b	0.0	78	4385	1855	0.0
e k	0.0	35	913	1864	0.0
ɓ ɛ̃	0.0	8	447	199	0.008
ĩ l	0.0	14	115	2378	0.0
h u	0.0	12	112	1820	0.0
ɡ ɔ̃	0.0	16	2124	176	0.0
h o	0.0	11	112	1597	0.001
n ɛ	0.0	38	1116	1923	0.0
h ɛ	0.0	12	112	1923	0.0
e n	0.0	26	913	1116	0.0
o e	0.0	31	1597	913	0.0
t ã	0.0	12	800	275	0.0
u u	0.0	46	1820	1820	0.0
i ɲ	0.0	12	1702	134	0.0
i m	0.0	37	1702	1275	0.0
i ã	0.0	17	1702	275	0.0
i f	0.0	19	1702	345	0.0
e t	0.0	21	913	800	0.0
a d	0.0	49	4385	908	0.0
ɛ f	0.0	20	1923	345	0.0
a a	0.0	107	4385	4385	0.0
n w	0.0	14	1116	300	0.0
e ɗ	0.0	16	913	481	0.0
s e	0.0	19	683	913	0.0
z ɔ̃	0.0	8	643	176	0.008
ŋ ɛ	0.0	38	1349	1923	0.0
j ã	0.0	7	324	275	0.016
ŋ ɔ	0.0	35	1349	1676	0.0
d ɔ̃	0.0	9	908	176	0.004
ɡ ã	0.0	17	2124	275	0.0
ɔ̃ ɔ	0.0	12	176	1676	0.0
ɔ r	0.0	10	1676	127	0.002
ɛ ɲ	0.0	11	1923	134	0.001
i j	0.0	16	1702	324	0.0
a r	0.0	16	4385	127	0.0
ɛ ɡ	0.0	42	1923	2124	0.0
ĩ j	0.0	4	115	324	0.125
i ɓ	0.0	18	1702	447	0.0
e r	0.0	7	913	127	0.016
ɛ d	0.0	27	1923	908	0.0
ɓ e	0.0	13	447	913	0.0
ɔ a	0.0	55	1676	4385	0.0
o f	0.0	15	1597	345	0.0
o s	0.0	21	1597	683	0.0
v ɛ	0.0	10	130	1923	0.002
s ũ	0.0	5	683	92	0.062
ɛ z	0.0	22	1923	643	0.0
ɛ w	0.0	15	1923	300	0.0
o z	0.0	20	1597	643	0.0
ũ u	0.0	8	92	1820	0.008
ɔ v	0.0	9	1676	130	0.004
ɔ ɲ	0.0	9	1676	134	0.004
ɔ̃ ɛ	0.0	11	176	1923	0.001
v ɛ̃	0.0	3	130	199	0.25
o ɡ	0.0	34	1597	2124	0.0
ã s	0.0	8	275	683	0.008
m i	0.0	27	1275	1702	0.0
m ĩ	0.0	7	1275	115	0.016
u j	0.0	14	1820	324	0.0
i w	0.0	13	1702	300	0.0
b ɔ̃	0.0	10	1855	176	0.002
a v	0.0	13	4385	130	0.0
ɛ̃ a	0.0	16	199	4385	0.0
i v	0.0	8	1702	130	0.008
p ũ	0.0	4	605	92	0.125
b ũ	0.0	7	1855	92	0.016
j u	0.0	13	324	1820	0.0
ũ k	0.0	7	92	1864	0.016
r h	0.0	2	127	112	0.5
ɔ ɛ	0.0	30	1676	1923	0.0
e s	0.0	13	913	683	0.0
b ɛ̃	0.0	10	1855	199	0.002
k ɛ̃	0.0	10	1864	199	0.002
i o	0.0	26	1702	1597	0.0
j ɛ̃	0.0	4	324	199	0.125
u d	0.0	20	1820	908	0.0
ɔ z	0.0	16	1676	643	0.0
ɡ ɛ̃	0.0	10	2124	199	0.002
ɔ ɡ	0.0	29	1676	2124	0.0
e w	0.0	8	913	300	0.008
ɛ̃ f	0.0	4	199	345	0.125
i ɡ	0.0	29	1702	2124	0.0
u p	0.0	16	1820	605	0.0
p ĩ	0.0	4	605	115	0.125
f ĩ	0.0	3	345	115	0.25
ɛ̃ t	0.0	6	199	800	0.031
a p	0.0	24	4385	605	0.0
u b	0.0	27	1820	1855	0.0
m ɛ	0.0	23	1275	1923	0.0
k ũ	0.0	6	1864	92	0.031
s ĩ	0.0	4	683	115	0.125
h ɔ̃	0.0	2	112	176	0.5
ɲ u	0.0	7	134	1820	0.016
ĩ ɔ̃	0.0	2	115	176	0.5
z ɛ̃	0.0	5	643	199	0.062
u z	0.0	15	1820	643	0.0
ɔ d	0.0	17	1676	908	0.0
u ɡ	0.0	27	1820	2124	0.0
ɔ̃ n	0.0	6	176	1116	0.031
ɔ̃ t	0.0	5	176	800	0.062
v a	0.0	10	130	4385	0.002
ɔ̃ v	0.0	2	176	130	0.5
o w	0.0	9	1597	300	0.004
i d	0.0	16	1702	908	0.0
v ɔ	0.0	6	130	1676	0.031
i a	0.0	35	1702	4385	0.0
ã t	0.0	6	275	800	0.031
o j	0.0	9	1597	324	0.004
z ũ	0.0	3	643	92	0.25
ɔ̃ k	0.0	7	176	1864	0.016
u w	0.0	9	1820	300	0.004
w ũ	0.0	2	300	92	0.5
ɔ f	0.0	9	1676	345	0.004
i b	0.0	21	1702	1855	0.0
ɛ̃ k	0.0	7	199	1864	0.016
ɛ j	0.0	9	1923	324	0.004
ɔ w	0.0	8	1676	300	0.008
ũ t	0.0	3	92	800	0.25
i ɔ̃	0.0	6	1702	176	0.031
ã a	0.0	12	275	4385	0.0
ã ã	0.0	3	275	275	0.25
ũ ũ	0.0	1	92	92	1.0
i p	0.0	11	1702	605	0.001
ɓ ɔ̃	0.0	3	447	176	0.25
i z	0.0	11	1702	643	0.001
ã ɔ	0.0	7	275	1676	0.016
r k	0.0	5	127	1864	0.062
ŋ u	0.0	16	1349	1820	0.0
m ã	0.0	6	1275	275	0.031
ũ i	0.0	4	92	1702	0.125
ɛ̃ ɛ̃	0.0	2	199	199	0.5
ɛ v	0.0	5	1923	130	0.062
t ĩ	0.0	3	800	115	0.25
ĩ t	0.0	3	115	800	0.25
ã k	0.0	7	275	1864	0.016
ũ ĩ	0.0	1	92	115	1.0
ɗ ɛ̃	0.0	3	481	199	0.25
r t	0.0	3	127	800	0.25
h e	0.0	3	112	913	0.25
r a	0.0	7	127	4385	0.016
e ɡ	0.0	13	913	2124	0.0
ŋ i	0.0	14	1349	1702	0.0
ũ v	0.0	1	92	130	1.0
e z	0.0	7	913	643	0.016
ã n	0.0	5	275	1116	0.062
n ɔ̃	0.0	4	1116	176	0.125
h ĩ	0.0	1	112	115	1.0
o v	0.0	4	1597	130	0.125
b ĩ	0.0	4	1855	115	0.125
ĩ k	0.0	4	115	1864	0.125
a h	0.0	6	4385	112	0.031
ɛ̃ n	0.0	4	199	1116	0.125
ɔ̃ m	0.0	4	176	1275	0.125
ɲ i	0.0	4	134	1702	0.125
j ɔ̃	0.0	2	324	176	0.5
n ĩ	0.0	3	1116	115	0.25
e m	0.0	9	913	1275	0.004
r u	0.0	4	127	1820	0.125
ɛ̃ w	0.0	2	199	300	0.5
f ɔ̃	0.0	2	345	176	0.5
e p	0.0	6	913	605	0.031
ã d	0.0	4	275	908	0.125
ũ s	0.0	2	92	683	0.5
ɛ̃ j	0.0	2	199	324	0.5
ã ɡ	0.0	6	275	2124	0.031
ɔ̃ d	0.0	3	176	908	0.25
ɛ b	0.0	14	1923	1855	0.0
ɔ̃ h	0.0	1	176	112	1.0
ã w	0.0	2	275	300	0.5
ɗ ɔ̃	0.0	2	481	176	0.5
ɔ̃ a	0.0	6	176	4385	0.031
a u	0.0	19	4385	1820	0.0
ã j	0.0	2	275	324	0.5
r o	0.0	3	127	1597	0.25
u h	0.0	3	1820	112	0.25
ɛ a	0.0	19	1923	4385	0.0
ɲ ɔ̃	0.0	1	134	176	1.0
r i	0.0	3	127	1702	0.25
o b	0.0	11	1597	1855	0.001
m ɔ̃	0.0	3	1275	176	0.25
ŋ e	0.0	7	1349	913	0.016
ɛ̃ ɡ	0.0	4	199	2124	0.125
u ɲ	0.0	3	1820	134	0.25
ĩ ɡ	0.0	3	115	2124	0.25
ɓ ã	0.0	2	447	275	0.5
ã h	0.0	1	275	112	1.0
ɔ̃ ɔ̃	0.0	1	176	176	1.0
ɔ b	0.0	10	1676	1855	0.002
ã u	0.0	4	275	1820	0.125
ũ f	0.0	1	92	345	1.0
ã b	0.0	4	275	1855	0.125
ã ɛ	0.0	4	275	1923	0.125
ĩ w	0.0	1	115	300	1.0
r w	0.0	1	127	300	1.0
ɔ p	0.0	5	1676	605	0.062
ɓ ũ	0.0	1	447	92	1.0
ã z	0.0	2	275	643	0.5
ɗ ũ	0.0	1	481	92	1.0
ɛ p	0.0	5	1923	605	0.062
ã ɔ̃	0.0	1	275	176	1.0
ĩ ɓ	0.0	1	115	447	1.0
e d	0.0	4	913	908	0.125
v o	0.0	2	130	1597	0.5
r ɔ	0.0	2	127	1676	0.5
ã ɛ̃	0.0	1	275	199	1.0
ĩ ɛ	0.0	2	115	1923	0.5
ũ p	0.0	1	92	605	1.0
r ɓ	0.0	1	127	447	1.0
o d	0.0	5	1597	908	0.062
ŋ o	0.0	6	1349	1597	0.031
o p	0.0	4	1597	605	0.125
ɔ̃ f	0.0	1	176	345	1.0
a i	0.0	11	4385	1702	0.001
ɛ ɔ	0.0	7	1923	1676	0.016
ɛ̃ ŋ	0.0	2	199	1349	0.5
r ɡ	0.0	2	127	2124	0.5
e b	0.0	5	913	1855	0.062
e j	0.0	2	913	324	0.5
a e	0.0	7	4385	913	0.016
w ã	0.0	1	300	275	1.0
ɔ ɛ̃	0.0	2	1676	199	0.5
d ũ	0.0	1	908	92	1.0
u i	0.0	6	1820	1702	0.031
ã m	0.0	2	275	1275	0.5
a ɔ	0.0	9	4385	1676	0.004
ã f	0.0	1	275	345	1.0
t r	0.0	1	800	127	1.0
e ɓ	0.0	2	913	447	0.5
n ũ	0.0	1	1116	92	1.0
ũ n	0.0	1	92	1116	1.0
ɔ̃ z	0.0	1	176	643	1.0
d r	0.0	1	908	127	1.0
r d	0.0	1	127	908	1.0
m ũ	0.0	1	1275	92	1.0
ũ m	0.0	1	92	1275	1.0
ɔ̃ s	0.0	1	176	683	1.0
ɛ̃ p	0.0	1	199	605	1.0
e ɲ	0.0	1	913	134	1.0
ã ɓ	0.0	1	275	447	1.0
ɛ̃ z	0.0	1	199	643	1.0
ĩ n	0.0	1	115	1116	1.0
ɗ ã	0.0	1	481	275	1.0
ã ɗ	0.0	1	275	481	1.0
r n	0.0	1	127	1116	1.0
ĩ m	0.0	1	115	1275	1.0
ĩ ŋ	0.0	1	115	1349	1.0
r m	0.0	1	127	1275	1.0
ũ b	0.0	1	92	1855	1.0
r ŋ	0.0	1	127	1349	1.0
ɛ̃ d	0.0	1	199	908	1.0
ɛ̃ e	0.0	1	199	913	1.0
ɔ h	0.0	1	1676	112	1.0
ũ ɡ	0.0	1	92	2124	1.0
k ĩ	0.0	1	1864	115	1.0
m o	0.0	3	1275	1597	0.25
r b	0.0	1	127	1855	1.0
ŋ ɔ̃	0.0	1	1349	176	1.0
ɔ̃ ŋ	0.0	1	176	1349	1.0
ɡ ĩ	0.0	1	2124	115	1.0
ã e	0.0	1	275	913	1.0
m ɛ̃	0.0	1	1275	199	1.0
ɔ̃ o	0.0	1	176	1597	1.0
n ã	0.0	1	1116	275	1.0
e f	0.0	1	913	345	1.0
ɔ̃ b	0.0	1	176	1855	1.0
i ɛ̃	0.0	1	1702	199	1.0
ŋ ã	0.0	1	1349	275	1.0
i e	0.0	2	1702	913	0.5
a ũ	0.0	1	4385	92	1.0
u e	0.0	2	1820	913	0.5
e a	0.0	3	913	4385	0.25
ã i	0.0	1	275	1702	1.0
a ĩ	0.0	1	4385	115	1.0
u ɛ	0.0	2	1820	1923	0.5
m e	0.0	1	1275	913	1.0
e o	0.0	1	913	1597	1.0
k t	0.0	1	1864	800	1.0
e ɔ	0.0	1	913	1676	1.0
a o	0.0	2	4385	1597	0.5
k n	0.0	1	1864	1116	1.0
ɡ n	0.0	1	2124	1116	1.0
n ɡ	0.0	1	1116	2124	1.0
ɔ i	0.0	1	1676	1702	1.0
l ŋ	0.0	1	2378	1349	1.0
o a	0.0	1	1597	4385	1.0
a ɛ	0.0	1	4385	1923	1.0
