ngram	insep	N(C1C2)	N(C1)	N(C2)	p(C1C2)
t s	0.98	987	3550	4577	0.0
t ɬ'	0.87	188	3550	188	0.0
t ʃ'	0.8	174	3550	174	0.0
d z	0.42	1026	12176	3340	0.0
ʔ d	0.33	1536	9575	12176	0.0
ʔ g	0.33	1013	9575	5366	0.0
t ʃ	0.29	302	3550	1432	0.0
ʔ n	0.19	1184	9575	12654	0.0
ɬ t	0.18	212	1155	3550	0.0
ɮ t	0.15	457	6310	3550	0.0
ɮ ʔ	0.1	605	6310	9575	0.0
h w	0.08	171	10822	557	0.0
ɮ j	0.06	283	6310	3246	0.0
h g	0.06	449	10822	5366	0.0
h ʔ	0.06	598	10822	9575	0.0
n ʔ	0.06	644	12654	9575	0.0
ʔ h	0.05	575	9575	10822	0.0
ʃ x	0.05	23	1432	120	0.0
k w	0.05	57	1967	557	0.0
s t	0.04	210	4577	3550	0.0
d ɮ	0.04	455	12176	6310	0.0
z d	0.04	330	3340	12176	0.0
ɮ n	0.04	459	6310	12654	0.0
s x	0.04	38	4577	120	0.0
ʔ ɮ	0.04	386	9575	6310	0.0
s k	0.04	145	4577	1967	0.0
s d	0.04	359	4577	12176	0.0
ɬ ts'	0.04	35	1155	473	0.0
ɮ k	0.03	142	6310	1967	0.0
s t'	0.03	110	4577	1630	0.0
n d	0.03	490	12654	12176	0.0
ʃ t	0.02	88	1432	3550	0.0
ʔ k	0.02	167	9575	1967	0.0
ɮ g	0.02	222	6310	5366	0.0
ʔ dʒ	0.02	145	9575	1663	0.0
ʔ s	0.02	232	9575	4577	0.0
ʔ t	0.02	189	9575	3550	0.0
z n	0.02	209	3340	12654	0.0
h d	0.02	364	10822	12176	0.0
z ʔ	0.02	178	3340	9575	0.0
ɮ w	0.02	59	6310	557	0.0
z ts'	0.02	39	3340	473	0.0
ʔ z	0.02	173	9575	3340	0.0
ʔ b	0.01	159	9575	2902	0.0
ʔ j	0.01	166	9575	3246	0.0
n g	0.01	241	12654	5366	0.0
t ɬ	0.01	59	3550	1155	0.0
ɮ ʒ	0.01	46	6310	425	0.0
h dʒ	0.01	119	10822	1663	0.0
n h	0.01	326	12654	10822	0.0
s ʔ	0.01	184	4577	9575	0.0
ɮ ts'	0.01	47	6310	473	0.0
t x	0.01	17	3550	120	0.0
s n	0.01	189	4577	12654	0.0
n t	0.01	165	12654	3550	0.0
ɬ k	0.01	36	1155	1967	0.0
ɮ z	0.01	109	6310	3340	0.0
ɬ n	0.01	86	1155	12654	0.0
s ts'	0.01	33	4577	473	0.0
ɮ t'	0.01	71	6310	1630	0.0
z t	0.01	76	3340	3550	0.0
z g	0.01	90	3340	5366	0.0
ɮ d	0.01	183	6310	12176	0.0
s g	0.01	103	4577	5366	0.0
ʃ' x	0.01	3	174	120	0.25
ɬ g	0.01	51	1155	5366	0.0
ʔ m	0.01	33	9575	312	0.0
ɬ x	0.01	7	1155	120	0.016
ʃ t'	0.01	28	1432	1630	0.0
z ɮ	0.01	84	3340	6310	0.0
ɮ ɣ	0.01	17	6310	147	0.0
ʃ n	0.0	73	1432	12654	0.0
ʃ ɬ	0.0	22	1432	1155	0.0
n t'	0.0	76	12654	1630	0.0
ɬ t'	0.0	22	1155	1630	0.0
ɬ ʔ	0.0	53	1155	9575	0.0
ɬ ɣ	0.0	6	1155	147	0.031
n ɮ	0.0	129	12654	6310	0.0
s ɮ	0.0	77	4577	6310	0.0
ʃ dʒ	0.0	22	1432	1663	0.0
h ɮ	0.0	117	10822	6310	0.0
ʃ ʒ	0.0	11	1432	425	0.001
ɮ k'	0.0	29	6310	672	0.0
h k	0.0	63	10822	1967	0.0
ʃ w	0.0	12	1432	557	0.0
h x	0.0	15	10822	120	0.0
ʔ t'	0.0	51	9575	1630	0.0
d g	0.0	103	12176	5366	0.0
d t	0.0	83	12176	3550	0.0
t g	0.0	54	3550	5366	0.0
h n	0.0	141	10822	12654	0.0
n dʒ	0.0	55	12654	1663	0.0
s k'	0.0	21	4577	672	0.0
ʃ g	0.0	33	1432	5366	0.0
p t	0.0	6	73	3550	0.031
ʃ d	0.0	49	1432	12176	0.0
ʒ g	0.0	17	425	5366	0.0
ɬ h	0.0	38	1155	10822	0.0
z t'	0.0	25	3340	1630	0.0
ɬ d	0.0	40	1155	12176	0.0
ʃ m	0.0	7	1432	312	0.016
ʒ d	0.0	23	425	12176	0.0
ɮ dʒ	0.0	32	6310	1663	0.0
ɮ h	0.0	81	6310	10822	0.0
z k	0.0	24	3340	1967	0.0
ʔ w	0.0	21	9575	557	0.0
ʒ dʒ	0.0	7	425	1663	0.016
ʒ t	0.0	10	425	3550	0.002
ɬ k'	0.0	7	1155	672	0.016
ʔ k'	0.0	20	9575	672	0.0
ʃ ʔ	0.0	28	1432	9575	0.0
ʔ ts'	0.0	16	9575	473	0.0
m b	0.0	7	312	2902	0.016
z dʒ	0.0	17	3340	1663	0.0
ʃ k	0.0	12	1432	1967	0.0
h t'	0.0	30	10822	1630	0.0
h t	0.0	44	10822	3550	0.0
z b	0.0	21	3340	2902	0.0
z j	0.0	22	3340	3246	0.0
m p	0.0	1	312	73	1.0
h s	0.0	46	10822	4577	0.0
m ʔ	0.0	11	312	9575	0.001
ʒ n	0.0	14	425	12654	0.0
ʔ p	0.0	5	9575	73	0.062
s j	0.0	23	4577	3246	0.0
w h	0.0	13	557	10822	0.0
k p	0.0	2	1967	73	0.5
s dʒ	0.0	14	4577	1663	0.0
ɬ dʒ	0.0	7	1155	1663	0.016
h b	0.0	28	10822	2902	0.0
ɬ w	0.0	4	1155	557	0.125
p w	0.0	1	73	557	1.0
s z	0.0	19	4577	3340	0.0
s b	0.0	17	4577	2902	0.0
ʃ ɮ	0.0	14	1432	6310	0.0
ʔ ʃ	0.0	17	9575	1432	0.0
t k	0.0	12	3550	1967	0.0
ɬ b	0.0	8	1155	2902	0.008
ɮ m	0.0	6	6310	312	0.031
ɮ b	0.0	18	6310	2902	0.0
d ʔ	0.0	44	12176	9575	0.0
t' g	0.0	12	1630	5366	0.0
z k'	0.0	6	3340	672	0.031
h ts'	0.0	9	10822	473	0.004
t' k	0.0	7	1630	1967	0.016
h j	0.0	23	10822	3246	0.0
m g	0.0	5	312	5366	0.062
t dʒ	0.0	9	3550	1663	0.004
g p	0.0	2	5366	73	0.5
s w	0.0	5	4577	557	0.062
k ɮ	0.0	11	1967	6310	0.001
d dʒ	0.0	14	12176	1663	0.0
p ʃ	0.0	1	73	1432	1.0
x t	0.0	2	120	3550	0.5
ɮ s	0.0	16	6310	4577	0.0
ʔ ʒ	0.0	6	9575	425	0.031
p ɮ	0.0	2	73	6310	0.5
t' d	0.0	13	1630	12176	0.0
t' t	0.0	7	1630	3550	0.016
dʒ m	0.0	2	1663	312	0.5
n z	0.0	18	12654	3340	0.0
k' k	0.0	3	672	1967	0.25
m d	0.0	5	312	12176	0.062
n s	0.0	19	12654	4577	0.0
w m	0.0	1	557	312	1.0
p ʔ	0.0	2	73	9575	0.5
ʃ j	0.0	5	1432	3246	0.062
g w	0.0	4	5366	557	0.125
t n	0.0	15	3550	12654	0.0
ʃ ɣ	0.0	1	1432	147	1.0
p b	0.0	1	73	2902	1.0
ʔ ɬ	0.0	7	9575	1155	0.016
ɬ j	0.0	4	1155	3246	0.125
ʒ w	0.0	1	425	557	1.0
j p	0.0	1	3246	73	1.0
ʃ k'	0.0	2	1432	672	0.5
n j	0.0	13	12654	3246	0.0
p z	0.0	1	73	3340	1.0
z p	0.0	1	3340	73	1.0
n m	0.0	4	12654	312	0.125
t d	0.0	13	3550	12176	0.0
t p	0.0	1	3550	73	1.0
ʃ b	0.0	4	1432	2902	0.125
k' t	0.0	3	672	3550	0.25
g ɮ	0.0	11	5366	6310	0.001
t' dʒ	0.0	3	1630	1663	0.25
s ɬ	0.0	4	4577	1155	0.125
p s	0.0	1	73	4577	1.0
s p	0.0	1	4577	73	1.0
h ɬ	0.0	6	10822	1155	0.031
h z	0.0	10	10822	3340	0.002
k' g	0.0	3	672	5366	0.25
n ɬ	0.0	6	12654	1155	0.031
ʒ ʔ	0.0	3	425	9575	0.25
n b	0.0	9	12654	2902	0.004
ɮ p	0.0	1	6310	73	1.0
k' ɮ	0.0	3	672	6310	0.25
ɬ ʒ	0.0	1	1155	425	1.0
m dʒ	0.0	1	312	1663	1.0
ɣ t	0.0	1	147	3550	1.0
ʃ' j	0.0	1	174	3246	1.0
ɬ' n	0.0	2	188	12654	0.5
dʒ ʔ	0.0	5	1663	9575	0.062
t' t'	0.0	2	1630	1630	0.5
n ts'	0.0	3	12654	473	0.25
ɮ x	0.0	1	6310	120	1.0
k' s	0.0	2	672	4577	0.5
h p	0.0	1	10822	73	1.0
j ɮ	0.0	5	3246	6310	0.062
d p	0.0	1	12176	73	1.0
p n	0.0	1	73	12654	1.0
w dʒ	0.0	1	557	1663	1.0
ts' k	0.0	1	473	1967	1.0
k' n	0.0	3	672	12654	0.25
m n	0.0	2	312	12654	0.5
dʒ g	0.0	3	1663	5366	0.25
k s	0.0	3	1967	4577	0.25
m j	0.0	1	312	3246	1.0
z m	0.0	1	3340	312	1.0
k' t'	0.0	1	672	1630	1.0
n ʃ	0.0	4	12654	1432	0.125
x ʔ	0.0	1	120	9575	1.0
t' b	0.0	2	1630	2902	0.5
t j	0.0	3	3550	3246	0.25
ɬ s	0.0	2	1155	4577	0.5
w ʔ	0.0	2	557	9575	0.5
ts' b	0.0	1	473	2902	1.0
ʒ j	0.0	1	425	3246	1.0
s m	0.0	1	4577	312	1.0
m s	0.0	1	312	4577	1.0
d ts'	0.0	2	12176	473	0.5
ts' d	0.0	2	473	12176	0.5
dʒ t	0.0	2	1663	3550	0.5
d w	0.0	2	12176	557	0.5
z s	0.0	3	3340	4577	0.25
b ʔ	0.0	4	2902	9575	0.125
h k'	0.0	2	10822	672	0.5
ɮ ɬ	0.0	2	6310	1155	0.5
n ɣ	0.0	1	12654	147	1.0
s ʒ	0.0	1	4577	425	1.0
ʃ ʃ	0.0	1	1432	1432	1.0
d h	0.0	8	12176	10822	0.008
g dʒ	0.0	2	5366	1663	0.5
dʒ d	0.0	3	1663	12176	0.25
ɮ ʃ	0.0	2	6310	1432	0.5
t' n	0.0	3	1630	12654	0.25
b j	0.0	2	2902	3246	0.5
t k'	0.0	1	3550	672	1.0
t' ɮ	0.0	2	1630	6310	0.5
k g	0.0	2	1967	5366	0.5
ʒ ɮ	0.0	1	425	6310	1.0
ts' ɮ	0.0	1	473	6310	1.0
g ʔ	0.0	4	5366	9575	0.125
m h	0.0	1	312	10822	1.0
w ɮ	0.0	1	557	6310	1.0
d m	0.0	1	12176	312	1.0
ɬ z	0.0	1	1155	3340	1.0
ʃ z	0.0	1	1432	3340	1.0
d t'	0.0	2	12176	1630	0.5
ts' h	0.0	1	473	10822	1.0
t' j	0.0	1	1630	3246	1.0
j dʒ	0.0	1	3246	1663	1.0
t' z	0.0	1	1630	3340	1.0
k b	0.0	1	1967	2902	1.0
d n	0.0	5	12176	12654	0.062
n k	0.0	2	12654	1967	0.5
j k	0.0	1	3246	1967	1.0
k t	0.0	1	1967	3550	1.0
n w	0.0	1	12654	557	1.0
g d	0.0	3	5366	12176	0.25
k' h	0.0	1	672	10822	1.0
dʒ s	0.0	1	1663	4577	1.0
n k'	0.0	1	12654	672	1.0
j b	0.0	1	3246	2902	1.0
b t	0.0	1	2902	3550	1.0
t b	0.0	1	3550	2902	1.0
dʒ ɮ	0.0	1	1663	6310	1.0
j z	0.0	1	3246	3340	1.0
j t	0.0	1	3246	3550	1.0
t t	0.0	1	3550	3550	1.0
d ɬ	0.0	1	12176	1155	1.0
j s	0.0	1	3246	4577	1.0
g b	0.0	1	5366	2902	1.0
g n	0.0	2	5366	12654	0.5
g j	0.0	1	5366	3246	1.0
d ʃ	0.0	1	12176	1432	1.0
t' h	0.0	1	1630	10822	1.0
dʒ h	0.0	1	1663	10822	1.0
b ɮ	0.0	1	2902	6310	1.0
k d	0.0	1	1967	12176	1.0
k n	0.0	1	1967	12654	1.0
b d	0.0	1	2902	12176	1.0
d b	0.0	1	12176	2902	1.0
b n	0.0	1	2902	12654	1.0
d j	0.0	1	12176	3246	1.0
d s	0.0	1	12176	4577	1.0
n n	0.0	1	12654	12654	1.0
