ngram	insep	N(C1C2)	N(C1)	N(C2)	p(C1C2)
s t	0.46	130	691	2165	0.0
n tʃ	0.33	47	665	405	0.0
ʎ ʎ	0.25	8	102	102	0.008
n t	0.21	86	665	2165	0.0
r t	0.2	104	995	2165	0.0
n dʒ	0.16	28	665	294	0.0
c c	0.14	2	34	34	0.5
l l	0.1	39	797	797	0.0
z l	0.09	21	262	797	0.0
n ɡ	0.06	14	665	186	0.0
r d	0.06	24	995	370	0.0
r ɡ	0.06	17	995	186	0.0
r l	0.06	35	995	797	0.0
n k	0.06	46	665	2144	0.0
n d	0.06	19	665	370	0.0
d d	0.06	14	370	370	0.0
r m	0.05	31	995	756	0.0
n ʒ	0.05	4	665	19	0.125
v v	0.05	9	258	258	0.004
z ɡ	0.04	7	262	186	0.016
v r	0.04	16	258	995	0.0
j j	0.04	14	448	448	0.0
m b	0.04	18	756	451	0.0
n l	0.03	21	665	797	0.0
r k	0.03	42	995	2144	0.0
s k	0.03	34	691	2144	0.0
r dʒ	0.03	15	995	294	0.0
h r	0.03	16	357	995	0.0
h ʎ	0.03	5	357	102	0.062
s p	0.03	16	691	545	0.0
r p	0.03	19	995	545	0.0
j r	0.03	17	448	995	0.0
r tʃ	0.03	16	995	405	0.0
l d	0.02	13	797	370	0.0
ʒ d	0.02	2	19	370	0.5
n s	0.02	15	665	691	0.0
l t	0.02	29	797	2165	0.0
j n	0.02	12	448	665	0.0
ʃ t	0.02	16	250	2165	0.0
f r	0.02	10	219	995	0.002
m d	0.02	11	756	370	0.001
r s	0.02	17	995	691	0.0
f t	0.02	14	219	2165	0.0
s l	0.02	15	691	797	0.0
n j	0.02	11	665	448	0.001
h ʃ	0.02	6	357	250	0.031
k l	0.02	26	2144	797	0.0
v l	0.02	9	258	797	0.004
t l	0.02	26	2165	797	0.0
r n	0.02	16	995	665	0.0
r b	0.02	13	995	451	0.0
m dʒ	0.01	9	756	294	0.004
z z	0.01	5	262	262	0.062
v ʎ	0.01	3	258	102	0.25
r r	0.01	17	995	995	0.0
m l	0.01	13	756	797	0.0
k s	0.01	20	2144	691	0.0
ʃ r	0.01	8	250	995	0.008
h t	0.01	14	357	2165	0.0
n ɟ	0.01	1	665	6	1.0
r v	0.01	8	995	258	0.008
v ʃ	0.01	4	258	250	0.125
n f	0.01	6	665	219	0.031
j l	0.01	9	448	797	0.004
b r	0.01	10	451	995	0.002
j d	0.01	6	448	370	0.031
f l	0.01	6	219	797	0.031
s b	0.01	8	691	451	0.008
m p	0.01	9	756	545	0.004
h d	0.01	5	357	370	0.062
f f	0.01	3	219	219	0.25
h m	0.01	7	357	756	0.016
s c	0.01	2	691	34	0.5
s s	0.01	9	691	691	0.004
l ɡ	0.01	5	797	186	0.062
ʎ p	0.01	3	102	545	0.25
k t	0.01	27	2144	2165	0.0
l dʒ	0.01	6	797	294	0.031
l tʃ	0.01	7	797	405	0.016
p l	0.01	8	545	797	0.008
l p	0.01	8	797	545	0.008
n n	0.01	8	665	665	0.008
d ʒ	0.01	1	370	19	1.0
ʃ v	0.01	3	250	258	0.25
j v	0.01	4	448	258	0.125
l m	0.01	9	797	756	0.004
z v	0.01	3	262	258	0.25
h l	0.01	6	357	797	0.031
z m	0.01	5	262	756	0.062
ʃ l	0.01	5	250	797	0.062
dʒ r	0.0	6	294	995	0.031
t r	0.0	16	2165	995	0.0
v dʒ	0.0	3	258	294	0.25
ʃ c	0.0	1	250	34	1.0
p ʃ	0.0	4	545	250	0.125
m ʎ	0.0	3	756	102	0.25
k tʃ	0.0	10	2144	405	0.002
l k	0.0	14	797	2144	0.0
p tʃ	0.0	5	545	405	0.062
m m	0.0	8	756	756	0.008
m r	0.0	9	756	995	0.004
r ʃ	0.0	5	995	250	0.062
l b	0.0	6	797	451	0.031
z d	0.0	3	262	370	0.25
n z	0.0	4	665	262	0.125
p r	0.0	7	545	995	0.016
s v	0.0	4	691	258	0.125
l h	0.0	5	797	357	0.062
ʃ ɡ	0.0	2	250	186	0.5
p p	0.0	5	545	545	0.062
j t	0.0	9	448	2165	0.004
j b	0.0	4	448	451	0.125
b b	0.0	4	451	451	0.125
j m	0.0	5	448	756	0.062
h h	0.0	3	357	357	0.25
l j	0.0	5	797	448	0.062
m s	0.0	6	756	691	0.031
p t	0.0	9	545	2165	0.004
d r	0.0	5	370	995	0.062
ʃ k	0.0	6	250	2144	0.031
v k	0.0	6	258	2144	0.031
f s	0.0	3	219	691	0.25
s f	0.0	3	691	219	0.25
v z	0.0	2	258	262	0.5
k r	0.0	11	2144	995	0.001
r j	0.0	5	995	448	0.062
h b	0.0	3	357	451	0.25
n b	0.0	4	665	451	0.125
tʃ ɡ	0.0	2	405	186	0.5
s j	0.0	4	691	448	0.125
h f	0.0	2	357	219	0.5
j ɡ	0.0	2	448	186	0.5
t t	0.0	15	2165	2165	0.0
s m	0.0	5	691	756	0.062
v m	0.0	3	258	756	0.25
m z	0.0	3	756	262	0.25
ʃ h	0.0	2	250	357	0.5
v t	0.0	5	258	2165	0.062
v h	0.0	2	258	357	0.5
j f	0.0	2	448	219	0.5
ʃ tʃ	0.0	2	250	405	0.5
j p	0.0	3	448	545	0.25
s n	0.0	4	691	665	0.125
z r	0.0	3	262	995	0.25
r z	0.0	3	995	262	0.25
z j	0.0	2	262	448	0.5
b z	0.0	2	451	262	0.5
z b	0.0	2	262	451	0.5
k k	0.0	12	2144	2144	0.0
r c	0.0	1	995	34	1.0
t tʃ	0.0	5	2165	405	0.062
ɡ m	0.0	2	186	756	0.5
p z	0.0	2	545	262	0.5
j k	0.0	5	448	2144	0.062
r h	0.0	3	995	357	0.25
b l	0.0	3	451	797	0.25
h j	0.0	2	357	448	0.5
j h	0.0	2	448	357	0.5
ʃ n	0.0	2	250	665	0.5
p s	0.0	3	545	691	0.25
v n	0.0	2	258	665	0.5
l f	0.0	2	797	219	0.5
v s	0.0	2	258	691	0.5
j ʎ	0.0	1	448	102	1.0
b ʎ	0.0	1	451	102	1.0
ɡ r	0.0	2	186	995	0.5
ʃ m	0.0	2	250	756	0.5
v ɡ	0.0	1	258	186	1.0
l ʃ	0.0	2	797	250	0.5
p d	0.0	2	545	370	0.5
s dʒ	0.0	2	691	294	0.5
r f	0.0	2	995	219	0.5
ʃ f	0.0	1	250	219	1.0
tʃ t	0.0	4	405	2165	0.125
p ʎ	0.0	1	545	102	1.0
m n	0.0	3	756	665	0.25
h n	0.0	2	357	665	0.5
h s	0.0	2	357	691	0.5
k z	0.0	3	2144	262	0.25
t z	0.0	3	2165	262	0.25
m t	0.0	5	756	2165	0.062
m h	0.0	2	756	357	0.5
s ʎ	0.0	1	691	102	1.0
t c	0.0	1	2165	34	1.0
dʒ v	0.0	1	294	258	1.0
s r	0.0	3	691	995	0.25
dʒ z	0.0	1	294	262	1.0
j s	0.0	2	448	691	0.5
tʃ l	0.0	2	405	797	0.5
f d	0.0	1	219	370	1.0
m j	0.0	2	756	448	0.5
f tʃ	0.0	1	219	405	1.0
h v	0.0	1	357	258	1.0
ʃ d	0.0	1	250	370	1.0
z h	0.0	1	262	357	1.0
d v	0.0	1	370	258	1.0
v d	0.0	1	258	370	1.0
tʃ k	0.0	3	405	2144	0.25
k m	0.0	4	2144	756	0.125
p ɡ	0.0	1	545	186	1.0
tʃ v	0.0	1	405	258	1.0
h dʒ	0.0	1	357	294	1.0
k b	0.0	3	2144	451	0.25
t b	0.0	3	2165	451	0.25
dʒ d	0.0	1	294	370	1.0
ʃ b	0.0	1	250	451	1.0
v j	0.0	1	258	448	1.0
p f	0.0	1	545	219	1.0
t ʃ	0.0	2	2165	250	0.5
ʃ p	0.0	1	250	545	1.0
k v	0.0	2	2144	258	0.5
z k	0.0	2	262	2144	0.5
h tʃ	0.0	1	357	405	1.0
k dʒ	0.0	2	2144	294	0.5
k n	0.0	3	2144	665	0.25
t n	0.0	3	2165	665	0.25
d j	0.0	1	370	448	1.0
n ʃ	0.0	1	665	250	1.0
b d	0.0	1	451	370	1.0
d b	0.0	1	370	451	1.0
ʃ s	0.0	1	250	691	1.0
z n	0.0	1	262	665	1.0
tʃ b	0.0	1	405	451	1.0
t k	0.0	5	2165	2144	0.062
m ʃ	0.0	1	756	250	1.0
h k	0.0	2	357	2144	0.5
k d	0.0	2	2144	370	0.5
l v	0.0	1	797	258	1.0
k ʎ	0.0	1	2144	102	1.0
dʒ l	0.0	1	294	797	1.0
n h	0.0	1	665	357	1.0
k j	0.0	2	2144	448	0.5
s d	0.0	1	691	370	1.0
s tʃ	0.0	1	691	405	1.0
p k	0.0	2	545	2144	0.5
d l	0.0	1	370	797	1.0
tʃ m	0.0	1	405	756	1.0
p n	0.0	1	545	665	1.0
n p	0.0	1	665	545	1.0
k ɡ	0.0	1	2144	186	1.0
t ɡ	0.0	1	2165	186	1.0
t m	0.0	2	2165	756	0.5
p m	0.0	1	545	756	1.0
f k	0.0	1	219	2144	1.0
t f	0.0	1	2165	219	1.0
k ʃ	0.0	1	2144	250	1.0
t h	0.0	1	2165	357	1.0
k p	0.0	1	2144	545	1.0
t s	0.0	1	2165	691	1.0
m k	0.0	1	756	2144	1.0
