ngram	insep	N(C1C2)	N(C1)	N(C2)	p(C1C2)
d ʒː	0.96	22	788	22	0.0
t ʃː	0.42	20	1638	20	0.0
n d	0.39	111	1385	788	0.0
n ɡ	0.37	133	1385	1184	0.0
t sː	0.36	35	1638	72	0.0
s t	0.28	95	685	1638	0.0
n ts	0.23	74	1385	579	0.0
ʃ t	0.2	98	1020	1638	0.0
n t	0.16	104	1385	1638	0.0
t r	0.14	130	1638	2521	0.0
m b	0.14	60	1022	879	0.0
m p	0.13	65	1022	1128	0.0
n tʃ	0.09	42	1385	492	0.0
r ɡ	0.07	78	2521	1184	0.0
ʃ p	0.07	48	1020	1128	0.0
r ts	0.07	54	2521	579	0.0
r d	0.06	60	2521	788	0.0
f r	0.06	48	542	2521	0.0
p l	0.05	53	1128	1675	0.0
p r	0.05	65	1128	2521	0.0
n ɟ	0.05	19	1385	181	0.0
f l	0.05	35	542	1675	0.0
d r	0.04	51	788	2521	0.0
n k	0.04	54	1385	1668	0.0
r t	0.04	72	2521	1638	0.0
ʃ k	0.04	45	1020	1668	0.0
b r	0.04	51	879	2521	0.0
n z	0.04	28	1385	498	0.0
b l	0.04	40	879	1675	0.0
k l	0.03	53	1668	1675	0.0
j t	0.03	28	547	1638	0.0
s k	0.03	31	685	1668	0.0
r v	0.03	35	2521	629	0.0
r m	0.02	43	2521	1022	0.0
ɡ r	0.02	45	1184	2521	0.0
k r	0.02	53	1668	2521	0.0
r b	0.02	38	2521	879	0.0
ʃ l	0.02	31	1020	1675	0.0
r k	0.02	48	2521	1668	0.0
ts k	0.02	23	579	1668	0.0
c k	0.02	10	113	1668	0.002
k t	0.02	37	1668	1638	0.0
tʃ k	0.02	20	492	1668	0.0
l t	0.02	36	1675	1638	0.0
k v	0.02	22	1668	629	0.0
z d	0.01	13	498	788	0.0
s l	0.01	22	685	1675	0.0
p s	0.01	18	1128	685	0.0
ʃ v	0.01	16	1020	629	0.0
d v	0.01	14	788	629	0.0
m l	0.01	25	1022	1675	0.0
z l	0.01	17	498	1675	0.0
z m	0.01	13	498	1022	0.0
ɲ h	0.01	8	376	522	0.008
r ʒ	0.01	12	2521	177	0.0
k s	0.01	19	1668	685	0.0
d z	0.01	11	788	498	0.001
d l	0.01	20	788	1675	0.0
ɡ l	0.01	24	1184	1675	0.0
z ɡ	0.01	13	498	1184	0.0
r c	0.01	9	2521	113	0.004
j h	0.01	9	547	522	0.004
t v	0.01	17	1638	629	0.0
ʃ m	0.01	17	1020	1022	0.0
r ɲ	0.01	16	2521	376	0.0
j s	0.01	10	547	685	0.002
d ʒ	0.01	6	788	177	0.031
ʒ d	0.01	6	177	788	0.031
r n	0.01	30	2521	1385	0.0
r z	0.01	17	2521	498	0.0
n c	0.01	6	1385	113	0.031
r j	0.01	17	2521	547	0.0
l d	0.01	16	1675	788	0.0
l tʃ	0.01	12	1675	492	0.0
l ɡ	0.01	18	1675	1184	0.0
f t	0.01	12	542	1638	0.0
j k	0.01	12	547	1668	0.0
p t	0.01	17	1128	1638	0.0
n s	0.01	12	1385	685	0.0
r h	0.01	14	2521	522	0.0
l ts	0.01	12	1675	579	0.0
m f	0.01	9	1022	542	0.004
r ʃ	0.0	19	2521	1020	0.0
ʃ ʃ	0.0	12	1020	1020	0.0
l v	0.0	12	1675	629	0.0
t l	0.0	19	1638	1675	0.0
ɡ d	0.0	11	1184	788	0.001
ʒ ɟ	0.0	2	177	181	0.5
r f	0.0	13	2521	542	0.0
f j	0.0	6	542	547	0.031
s c	0.0	3	685	113	0.25
r tʃ	0.0	12	2521	492	0.0
r p	0.0	18	2521	1128	0.0
ɲ v	0.0	5	376	629	0.062
s p	0.0	9	685	1128	0.004
b ʒ	0.0	4	879	177	0.125
ʃ n	0.0	12	1020	1385	0.0
j ɡ	0.0	8	547	1184	0.008
l m	0.0	13	1675	1022	0.0
l k	0.0	16	1675	1668	0.0
r l	0.0	19	2521	1675	0.0
j f	0.0	5	547	542	0.062
j d	0.0	6	547	788	0.031
t k	0.0	15	1638	1668	0.0
ʃ c	0.0	3	1020	113	0.25
c m	0.0	3	113	1022	0.25
j ɲ	0.0	4	547	376	0.125
ʒ ɡ	0.0	4	177	1184	0.125
ɡ n	0.0	11	1184	1385	0.001
m tʃ	0.0	6	1022	492	0.031
p ʃ	0.0	9	1128	1020	0.004
s m	0.0	7	685	1022	0.016
ɡ v	0.0	7	1184	629	0.016
j n	0.0	7	547	1385	0.016
k ʃ	0.0	10	1668	1020	0.002
z b	0.0	5	498	879	0.062
p ts	0.0	6	1128	579	0.031
l f	0.0	7	1675	542	0.016
k j	0.0	7	1668	547	0.016
t n	0.0	11	1638	1385	0.001
z n	0.0	6	498	1385	0.031
l n	0.0	11	1675	1385	0.001
b d	0.0	6	879	788	0.031
j ts	0.0	4	547	579	0.125
tʃ m	0.0	5	492	1022	0.062
ɡ b	0.0	7	1184	879	0.016
j v	0.0	4	547	629	0.125
ʃ ɲ	0.0	4	1020	376	0.125
k h	0.0	6	1668	522	0.031
p f	0.0	5	1128	542	0.062
k f	0.0	6	1668	542	0.031
f k	0.0	6	542	1668	0.031
ɡ j	0.0	5	1184	547	0.062
ts l	0.0	6	579	1675	0.031
r s	0.0	8	2521	685	0.008
ɟ v	0.0	2	181	629	0.5
n h	0.0	5	1385	522	0.062
j tʃ	0.0	3	547	492	0.25
n f	0.0	5	1385	542	0.062
l b	0.0	7	1675	879	0.016
j z	0.0	3	547	498	0.25
m z	0.0	4	1022	498	0.125
ʃ h	0.0	4	1020	522	0.125
h m	0.0	4	522	1022	0.125
ɡ m	0.0	6	1184	1022	0.031
l ɟ	0.0	3	1675	181	0.25
h t	0.0	5	522	1638	0.062
j m	0.0	4	547	1022	0.125
j l	0.0	5	547	1675	0.062
s n	0.0	5	685	1385	0.062
p k	0.0	7	1128	1668	0.016
l p	0.0	7	1675	1128	0.016
p j	0.0	4	1128	547	0.125
ts v	0.0	3	579	629	0.25
s ts	0.0	3	685	579	0.25
ʒ m	0.0	2	177	1022	0.5
m ʒ	0.0	2	1022	177	0.5
sː v	0.0	1	72	629	1.0
k n	0.0	7	1668	1385	0.016
k m	0.0	6	1668	1022	0.031
s v	0.0	3	685	629	0.25
ts n	0.0	4	579	1385	0.125
r ɟ	0.0	3	2521	181	0.25
c h	0.0	1	113	522	1.0
ʒ n	0.0	2	177	1385	0.5
p tʃ	0.0	3	1128	492	0.25
j ʃ	0.0	3	547	1020	0.25
ɡ z	0.0	3	1184	498	0.25
v l	0.0	4	629	1675	0.125
l ʃ	0.0	5	1675	1020	0.062
ɡ h	0.0	3	1184	522	0.25
c v	0.0	1	113	629	1.0
sː m	0.0	1	72	1022	1.0
tʃ n	0.0	3	492	1385	0.25
ɟ l	0.0	2	181	1675	0.5
ɡ t	0.0	5	1184	1638	0.062
z v	0.0	2	498	629	0.5
f n	0.0	3	542	1385	0.25
n ʃ	0.0	4	1385	1020	0.125
s f	0.0	2	685	542	0.5
n v	0.0	3	1385	629	0.25
j ʒ	0.0	1	547	177	1.0
l h	0.0	3	1675	522	0.25
ʃ r	0.0	5	1020	2521	0.062
b z	0.0	2	879	498	0.5
b j	0.0	2	879	547	0.5
j b	0.0	2	547	879	0.5
ʃ tʃ	0.0	2	1020	492	0.5
m j	0.0	2	1022	547	0.5
p h	0.0	2	1128	522	0.5
ʃ ts	0.0	2	1020	579	0.5
t ɲ	0.0	2	1638	376	0.5
j p	0.0	2	547	1128	0.5
ʒ b	0.0	1	177	879	1.0
ɟ b	0.0	1	181	879	1.0
m v	0.0	2	1022	629	0.5
z ɲ	0.0	1	498	376	1.0
l c	0.0	1	1675	113	1.0
d m	0.0	2	788	1022	0.5
l z	0.0	2	1675	498	0.5
t h	0.0	2	1638	522	0.5
v ɲ	0.0	1	629	376	1.0
k ts	0.0	2	1668	579	0.5
n ʒ	0.0	1	1385	177	1.0
s ɲ	0.0	1	685	376	1.0
m ʃ	0.0	2	1022	1020	0.5
d n	0.0	2	788	1385	0.5
f h	0.0	1	542	522	1.0
h j	0.0	1	522	547	1.0
l ʒ	0.0	1	1675	177	1.0
f ts	0.0	1	542	579	1.0
ts f	0.0	1	579	542	1.0
z r	0.0	2	498	2521	0.5
h r	0.0	2	522	2521	0.5
v j	0.0	1	629	547	1.0
j r	0.0	2	547	2521	0.5
m n	0.0	2	1022	1385	0.5
s h	0.0	1	685	522	1.0
f s	0.0	1	542	685	1.0
ɲ ʃ	0.0	1	376	1020	1.0
p n	0.0	2	1128	1385	0.5
v r	0.0	2	629	2521	0.5
m t	0.0	2	1022	1638	0.5
m h	0.0	1	1022	522	1.0
ɡ tʃ	0.0	1	1184	492	1.0
ts m	0.0	1	579	1022	1.0
k ɲ	0.0	1	1668	376	1.0
ɲ l	0.0	1	376	1675	1.0
f ɡ	0.0	1	542	1184	1.0
v m	0.0	1	629	1022	1.0
d b	0.0	1	788	879	1.0
tʃ t	0.0	1	492	1638	1.0
k tʃ	0.0	1	1668	492	1.0
h l	0.0	1	522	1675	1.0
l j	0.0	1	1675	547	1.0
ts t	0.0	1	579	1638	1.0
p m	0.0	1	1128	1022	1.0
ɡ ʃ	0.0	1	1184	1020	1.0
m ɡ	0.0	1	1022	1184	1.0
n b	0.0	1	1385	879	1.0
ts r	0.0	1	579	2521	1.0
n p	0.0	1	1385	1128	1.0
t m	0.0	1	1638	1022	1.0
m k	0.0	1	1022	1668	1.0
k p	0.0	1	1668	1128	1.0
t ɡ	0.0	1	1638	1184	1.0
n l	0.0	1	1385	1675	1.0
m r	0.0	1	1022	2521	1.0
l r	0.0	1	1675	2521	1.0
