ngram	insep	N(C1C2)	N(C1)	N(C2)	p(C1C2)
t s	1.57	20749	56870	46604	0.0
ɕ tɕ	0.8	3203	6957	17806	0.0
f ʂ	0.8	4810	14460	19465	0.0
d ʑ	0.6	2163	20464	3717	0.0
p ʂ	0.48	5500	31656	19465	0.0
ɖ ʐ	0.4	320	320	7688	0.0
s t	0.27	8601	46604	56870	0.0
tɕ j	0.19	3565	17806	37310	0.0
ʑ j	0.18	1593	3717	37310	0.0
s k	0.15	5038	46604	35755	0.0
v j	0.13	4198	35401	37310	0.0
ʈʂ n	0.12	2213	10797	37354	0.0
m j	0.09	2551	18989	37310	0.0
ʐ ɖ	0.09	149	7688	320	0.0
ʂ ʈʂ	0.08	1333	19465	10797	0.0
d z	0.08	1771	20464	18942	0.0
z m	0.07	1614	18942	18989	0.0
g r	0.07	1864	11885	40747	0.0
ɕ j	0.06	1253	6957	37310	0.0
b j	0.06	1602	11669	37310	0.0
t r	0.06	3652	56870	40747	0.0
p r	0.05	2658	31656	40747	0.0
n t	0.05	3251	37354	56870	0.0
k r	0.04	2590	35755	40747	0.0
s p	0.04	2601	46604	31656	0.0
p j	0.04	2160	31656	37310	0.0
g w	0.03	654	11885	10014	0.0
ʑ v	0.03	674	3717	35401	0.0
b r	0.03	1240	11669	40747	0.0
z g	0.03	812	18942	11885	0.0
ɕ l	0.03	679	6957	22849	0.0
t f	0.03	1544	56870	14460	0.0
s j	0.03	2157	46604	37310	0.0
d r	0.02	1456	20464	40747	0.0
p l	0.02	1200	31656	22849	0.0
p w	0.02	786	31656	10014	0.0
k l	0.02	1234	35755	22849	0.0
z d	0.02	834	18942	20464	0.0
t k	0.02	1876	56870	35755	0.0
b l	0.02	663	11669	22849	0.0
ɕ ɲ	0.02	539	6957	25683	0.0
t ʂ	0.02	1340	56870	19465	0.0
z b	0.02	598	18942	11669	0.0
b ʐ	0.02	378	11669	7688	0.0
g ʐ	0.02	380	11885	7688	0.0
ʈʂ ɲ	0.02	657	10797	25683	0.0
l n	0.01	1134	22849	37354	0.0
s w	0.01	838	46604	10014	0.0
d w	0.01	547	20464	10014	0.0
g l	0.01	602	11885	22849	0.0
n k	0.01	1314	37354	35755	0.0
k w	0.01	671	35755	10014	0.0
ʈʂ k	0.01	696	10797	35755	0.0
f k	0.01	799	14460	35755	0.0
w ʂ	0.01	468	10014	19465	0.0
d ɲ	0.01	766	20464	25683	0.0
b w	0.01	359	11669	10014	0.0
k t	0.01	1468	35755	56870	0.0
r k	0.01	1205	40747	35755	0.0
n d	0.01	855	37354	20464	0.0
ʈʂ ʈ	0.01	9	10797	9	0.004
g j	0.01	600	11885	37310	0.0
r m	0.01	791	40747	18989	0.0
k f	0.01	637	35755	14460	0.0
r t	0.01	1347	40747	56870	0.0
v ɲ	0.01	818	35401	25683	0.0
d v	0.01	730	20464	35401	0.0
g n	0.01	566	11885	37354	0.0
j n	0.01	1000	37310	37354	0.0
ʐ ɲ	0.01	376	7688	25683	0.0
r s	0.01	1163	40747	46604	0.0
x w	0.01	215	6687	10014	0.0
d n	0.01	722	20464	37354	0.0
k ʂ	0.01	680	35755	19465	0.0
l ɲ	0.01	622	22849	25683	0.0
m p	0.01	625	18989	31656	0.0
d l	0.01	536	20464	22849	0.0
g ɲ	0.01	433	11885	25683	0.0
z n	0.01	650	18942	37354	0.0
ɕ m	0.01	275	6957	18989	0.0
r ɲ	0.01	756	40747	25683	0.0
z w	0.01	321	18942	10014	0.0
z v	0.01	597	18942	35401	0.0
x l	0.01	282	6687	22849	0.0
w k	0.0	423	10014	35755	0.0
f j	0.0	512	14460	37310	0.0
f s	0.0	570	14460	46604	0.0
m b	0.0	322	18989	11669	0.0
d m	0.0	426	20464	18989	0.0
ʈ ʂ	0.0	9	9	19465	0.004
d j	0.0	583	20464	37310	0.0
ʂ k	0.0	555	19465	35755	0.0
x r	0.0	345	6687	40747	0.0
r g	0.0	452	40747	11885	0.0
n s	0.0	851	37354	46604	0.0
r j	0.0	762	40747	37310	0.0
r d	0.0	564	40747	20464	0.0
t ɲ	0.0	734	56870	25683	0.0
v n	0.0	694	35401	37354	0.0
x ɲ	0.0	242	6687	25683	0.0
ʑ ɲ	0.0	179	3717	25683	0.0
k s	0.0	746	35755	46604	0.0
f ʈʂ	0.0	221	14460	10797	0.0
s m	0.0	520	46604	18989	0.0
d g	0.0	272	20464	11885	0.0
x v	0.0	261	6687	35401	0.0
f r	0.0	408	14460	40747	0.0
f l	0.0	305	14460	22849	0.0
d ʐ	0.0	206	20464	7688	0.0
r ʈʂ	0.0	343	40747	10797	0.0
s x	0.0	283	46604	6687	0.0
t p	0.0	678	56870	31656	0.0
r n	0.0	622	40747	37354	0.0
r v	0.0	602	40747	35401	0.0
r b	0.0	341	40747	11669	0.0
t w	0.0	372	56870	10014	0.0
n g	0.0	317	37354	11885	0.0
ʐ n	0.0	254	7688	37354	0.0
l k	0.0	420	22849	35755	0.0
p s	0.0	561	31656	46604	0.0
p t	0.0	602	31656	56870	0.0
ʂ t	0.0	465	19465	56870	0.0
v w	0.0	259	35401	10014	0.0
k j	0.0	496	35755	37310	0.0
m ɲ	0.0	298	18989	25683	0.0
z j	0.0	355	18942	37310	0.0
d b	0.0	203	20464	11669	0.0
l j	0.0	379	22849	37310	0.0
s f	0.0	336	46604	14460	0.0
z l	0.0	267	18942	22849	0.0
x ʐ	0.0	92	6687	7688	0.0
b ɲ	0.0	205	11669	25683	0.0
x n	0.0	187	6687	37354	0.0
m w	0.0	159	18989	10014	0.0
t n	0.0	518	56870	37354	0.0
z r	0.0	312	18942	40747	0.0
ʑ d	0.0	95	3717	20464	0.0
n n	0.0	393	37354	37354	0.0
ɲ ʈʂ	0.0	174	25683	10797	0.0
ɲ s	0.0	351	25683	46604	0.0
g v	0.0	208	11885	35401	0.0
w z	0.0	137	10014	18942	0.0
z ʐ	0.0	115	18942	7688	0.0
l t	0.0	342	22849	56870	0.0
ʐ m	0.0	114	7688	18989	0.0
k ɲ	0.0	281	35755	25683	0.0
x m	0.0	104	6687	18989	0.0
n f	0.0	210	37354	14460	0.0
r x	0.0	149	40747	6687	0.0
k n	0.0	328	35755	37354	0.0
s n	0.0	374	46604	37354	0.0
m n	0.0	238	18989	37354	0.0
ɕ r	0.0	149	6957	40747	0.0
r p	0.0	311	40747	31656	0.0
r ʐ	0.0	152	40747	7688	0.0
z ɲ	0.0	187	18942	25683	0.0
g m	0.0	126	11885	18989	0.0
m r	0.0	231	18989	40747	0.0
ʐ v	0.0	136	7688	35401	0.0
b n	0.0	172	11669	37354	0.0
p k	0.0	275	31656	35755	0.0
t l	0.0	291	56870	22849	0.0
w t	0.0	191	10014	56870	0.0
f t	0.0	221	14460	56870	0.0
r f	0.0	184	40747	14460	0.0
ʂ p	0.0	188	19465	31656	0.0
d d	0.0	153	20464	20464	0.0
w ɲ	0.0	119	10014	25683	0.0
l g	0.0	121	22849	11885	0.0
p x	0.0	106	31656	6687	0.0
ʂ l	0.0	152	19465	22849	0.0
l s	0.0	234	22849	46604	0.0
v d	0.0	186	35401	20464	0.0
t ʈʂ	0.0	171	56870	10797	0.0
ʐ b	0.0	65	7688	11669	0.0
b m	0.0	101	11669	18989	0.0
t x	0.0	132	56870	6687	0.0
p ɲ	0.0	191	31656	25683	0.0
l b	0.0	109	22849	11669	0.0
w g	0.0	70	10014	11885	0.0
ɕ p	0.0	95	6957	31656	0.0
g z	0.0	95	11885	18942	0.0
n ɲ	0.0	195	37354	25683	0.0
s s	0.0	292	46604	46604	0.0
v r	0.0	234	35401	40747	0.0
x t	0.0	120	6687	56870	0.0
s ʈʂ	0.0	138	46604	10797	0.0
ʂ x	0.0	70	19465	6687	0.0
r ʂ	0.0	172	40747	19465	0.0
j ɲ	0.0	188	37310	25683	0.0
b v	0.0	123	11669	35401	0.0
r tɕ	0.0	162	40747	17806	0.0
l ʈʂ	0.0	94	22849	10797	0.0
ʈʂ w	0.0	60	10797	10014	0.0
s ɕ	0.0	101	46604	6957	0.0
ʐ w	0.0	49	7688	10014	0.0
l m	0.0	115	22849	18989	0.0
p n	0.0	188	31656	37354	0.0
b d	0.0	83	11669	20464	0.0
ɕ n	0.0	86	6957	37354	0.0
j s	0.0	222	37310	46604	0.0
j k	0.0	194	37310	35755	0.0
v l	0.0	151	35401	22849	0.0
v z	0.0	135	35401	18942	0.0
j m	0.0	138	37310	18989	0.0
k ɕ	0.0	81	35755	6957	0.0
ʂ n	0.0	137	19465	37354	0.0
g d	0.0	79	11885	20464	0.0
f tɕ	0.0	81	14460	17806	0.0
r w	0.0	101	40747	10014	0.0
r l	0.0	151	40747	22849	0.0
ʐ l	0.0	65	7688	22849	0.0
ʂ ɲ	0.0	107	19465	25683	0.0
m f	0.0	78	18989	14460	0.0
m k	0.0	121	18989	35755	0.0
w d	0.0	66	10014	20464	0.0
l v	0.0	129	22849	35401	0.0
f ɕ	0.0	45	14460	6957	0.0
l l	0.0	101	22849	22849	0.0
n x	0.0	69	37354	6687	0.0
j d	0.0	118	37310	20464	0.0
n v	0.0	154	37354	35401	0.0
j ʐ	0.0	71	37310	7688	0.0
m l	0.0	83	18989	22849	0.0
ʈʂ t	0.0	98	10797	56870	0.0
x j	0.0	60	6687	37310	0.0
f p	0.0	81	14460	31656	0.0
t tɕ	0.0	119	56870	17806	0.0
w p	0.0	66	10014	31656	0.0
ʑ l	0.0	34	3717	22849	0.0
w n	0.0	71	10014	37354	0.0
ʑ b	0.0	24	3717	11669	0.0
p ɕ	0.0	54	31656	6957	0.0
t t	0.0	205	56870	56870	0.0
v ʐ	0.0	58	35401	7688	0.0
l x	0.0	42	22849	6687	0.0
ʑ n	0.0	39	3717	37354	0.0
p tɕ	0.0	78	31656	17806	0.0
s l	0.0	106	46604	22849	0.0
t j	0.0	149	56870	37310	0.0
n z	0.0	85	37354	18942	0.0
ʂ m	0.0	60	19465	18989	0.0
ɲ k	0.0	94	25683	35755	0.0
l ʐ	0.0	41	22849	7688	0.0
l d	0.0	66	22849	20464	0.0
ʐ g	0.0	29	7688	11885	0.0
w ʈʂ	0.0	31	10014	10797	0.0
z ʑ	0.0	25	18942	3717	0.0
l f	0.0	53	22849	14460	0.0
n ʐ	0.0	49	37354	7688	0.0
p ʈʂ	0.0	51	31656	10797	0.0
x tɕ	0.0	30	6687	17806	0.0
w ʐ	0.0	24	10014	7688	0.0
j ʈʂ	0.0	54	37310	10797	0.0
v g	0.0	55	35401	11885	0.0
j ɕ	0.0	43	37310	6957	0.0
w tɕ	0.0	35	10014	17806	0.0
j t	0.0	119	37310	56870	0.0
s r	0.0	112	46604	40747	0.0
b z	0.0	38	11669	18942	0.0
b g	0.0	30	11669	11885	0.0
k ʈʂ	0.0	50	35755	10797	0.0
w m	0.0	34	10014	18989	0.0
v m	0.0	63	35401	18989	0.0
z x	0.0	27	18942	6687	0.0
t m	0.0	78	56870	18989	0.0
m m	0.0	45	18989	18989	0.0
s ʂ	0.0	70	46604	19465	0.0
x ʂ	0.0	26	6687	19465	0.0
n ʂ	0.0	60	37354	19465	0.0
r r	0.0	89	40747	40747	0.0
z z	0.0	41	18942	18942	0.0
n ʈʂ	0.0	43	37354	10797	0.0
d x	0.0	25	20464	6687	0.0
m d	0.0	42	18989	20464	0.0
v ʑ	0.0	24	35401	3717	0.0
w b	0.0	22	10014	11669	0.0
s ɲ	0.0	69	46604	25683	0.0
m s	0.0	59	18989	46604	0.0
l p	0.0	53	22849	31656	0.0
tɕ m	0.0	36	17806	18989	0.0
g b	0.0	23	11885	11669	0.0
w v	0.0	36	10014	35401	0.0
m ʐ	0.0	23	18989	7688	0.0
ʑ r	0.0	23	3717	40747	0.0
ɕ k	0.0	29	6957	35755	0.0
ʐ d	0.0	23	7688	20464	0.0
j ʂ	0.0	49	37310	19465	0.0
ɲ t	0.0	67	25683	56870	0.0
ʈʂ m	0.0	25	10797	18989	0.0
l ɕ	0.0	22	22849	6957	0.0
m g	0.0	26	18989	11885	0.0
f x	0.0	17	14460	6687	0.0
b ʑ	0.0	11	11669	3717	0.001
m ʂ	0.0	32	18989	19465	0.0
l ʂ	0.0	35	22849	19465	0.0
ʈʂ tɕ	0.0	21	10797	17806	0.0
s tɕ	0.0	43	46604	17806	0.0
n tɕ	0.0	38	37354	17806	0.0
ʂ w	0.0	20	19465	10014	0.0
r ɕ	0.0	24	40747	6957	0.0
ʈʂ l	0.0	22	10797	22849	0.0
ʂ ʂ	0.0	26	19465	19465	0.0
v b	0.0	26	35401	11669	0.0
f f	0.0	18	14460	14460	0.0
k p	0.0	41	35755	31656	0.0
m ɕ	0.0	14	18989	6957	0.0
ʑ g	0.0	8	3717	11885	0.008
m ʈʂ	0.0	16	18989	10797	0.0
x f	0.0	10	6687	14460	0.002
w ɕ	0.0	8	10014	6957	0.008
ɕ t	0.0	19	6957	56870	0.0
k k	0.0	33	35755	35755	0.0
ʂ tɕ	0.0	17	19465	17806	0.0
k tɕ	0.0	23	35755	17806	0.0
tɕ p	0.0	21	17806	31656	0.0
w s	0.0	19	10014	46604	0.0
n ɖ	0.0	3	37354	320	0.25
b b	0.0	10	11669	11669	0.002
j f	0.0	19	37310	14460	0.0
z ɖ	0.0	2	18942	320	0.5
ɲ b	0.0	14	25683	11669	0.0
n ɕ	0.0	13	37354	6957	0.0
ʂ r	0.0	22	19465	40747	0.0
w x	0.0	6	10014	6687	0.031
k m	0.0	19	35755	18989	0.0
tɕ t	0.0	23	17806	56870	0.0
j z	0.0	19	37310	18942	0.0
tɕ r	0.0	19	17806	40747	0.0
w w	0.0	7	10014	10014	0.016
f n	0.0	16	14460	37354	0.0
ʐ r	0.0	12	7688	40747	0.0
w ʑ	0.0	4	10014	3717	0.125
p f	0.0	14	31656	14460	0.0
ɲ ʂ	0.0	14	25683	19465	0.0
j b	0.0	13	37310	11669	0.0
j l	0.0	18	37310	22849	0.0
j p	0.0	21	37310	31656	0.0
t ɕ	0.0	11	56870	6957	0.001
m t	0.0	18	18989	56870	0.0
tɕ s	0.0	15	17806	46604	0.0
tɕ k	0.0	13	17806	35755	0.0
x s	0.0	9	6687	46604	0.004
j r	0.0	19	37310	40747	0.0
x ʈʂ	0.0	4	6687	10797	0.125
w l	0.0	7	10014	22849	0.016
k x	0.0	7	35755	6687	0.016
m x	0.0	5	18989	6687	0.062
g g	0.0	5	11885	11885	0.062
w f	0.0	5	10014	14460	0.062
j w	0.0	8	37310	10014	0.008
x ʑ	0.0	2	6687	3717	0.5
ʂ s	0.0	12	19465	46604	0.0
l z	0.0	8	22849	18942	0.008
j g	0.0	8	37310	11885	0.008
ʑ ʐ	0.0	2	3717	7688	0.5
f ɲ	0.0	7	14460	25683	0.016
ʐ j	0.0	6	7688	37310	0.031
p p	0.0	10	31656	31656	0.002
m v	0.0	8	18989	35401	0.008
g ʑ	0.0	2	11885	3717	0.5
x d	0.0	3	6687	20464	0.25
ʐ z	0.0	3	7688	18942	0.25
w r	0.0	5	10014	40747	0.062
tɕ ʈʂ	0.0	3	17806	10797	0.25
m z	0.0	4	18989	18942	0.125
w j	0.0	4	10014	37310	0.125
n p	0.0	7	37354	31656	0.016
l tɕ	0.0	4	22849	17806	0.125
j tɕ	0.0	5	37310	17806	0.062
j v	0.0	7	37310	35401	0.016
j x	0.0	3	37310	6687	0.25
tɕ f	0.0	3	17806	14460	0.25
n r	0.0	7	37354	40747	0.016
x z	0.0	2	6687	18942	0.5
ɲ d	0.0	4	25683	20464	0.125
v v	0.0	6	35401	35401	0.031
m tɕ	0.0	3	18989	17806	0.25
r ʑ	0.0	2	40747	3717	0.5
ʈʂ j	0.0	3	10797	37310	0.25
tɕ l	0.0	3	17806	22849	0.25
tɕ ɲ	0.0	3	17806	25683	0.25
x p	0.0	2	6687	31656	0.5
ʂ f	0.0	2	19465	14460	0.5
ʑ m	0.0	1	3717	18989	1.0
x b	0.0	1	6687	11669	1.0
n m	0.0	3	37354	18989	0.25
n j	0.0	4	37354	37310	0.125
n w	0.0	2	37354	10014	0.5
n l	0.0	3	37354	22849	0.25
j ʑ	0.0	1	37310	3717	1.0
f m	0.0	1	14460	18989	1.0
ʈʂ p	0.0	1	10797	31656	1.0
n b	0.0	1	37354	11669	1.0
tɕ n	0.0	1	17806	37354	1.0
l r	0.0	1	22849	40747	1.0
